id1,id2,edge_length,edge_cosine_angle,edge_sequence_distance
0,1,3.8103338047021307,0.9990380123103682,-1
1,0,3.8103338047021307,0.9990380123103682,1
1,2,3.8327475058595843,0.990957068032655,-1
1,23,4.131852988024611,0.9845822996185848,-22
2,1,3.8327475058595843,0.990957068032655,1
2,3,3.8246306989858834,0.9889349863951806,-1
3,2,3.8246306989858834,0.9889349863951806,1
3,4,3.7793717250744163,0.9882090835271327,-1
3,21,4.546581603810262,0.9704822597757964,-18
4,3,3.7793717250744163,0.9882090835271327,1
4,5,3.827055656907079,0.9731825946919423,-1
4,20,4.893279999338354,0.95469966430479,-16
5,4,3.827055656907079,0.9731825946919423,1
5,6,3.807912062297796,0.9751717551367444,-1
5,19,4.516925316227657,0.9469471320252464,-14
6,5,3.807912062297796,0.9751717551367444,1
6,7,3.826069878097979,0.9517134434066159,-1
6,149,4.602592008265196,0.9290656583331217,-143
7,6,3.826069878097979,0.9517134434066159,1
7,8,3.8204900438494613,0.9651197257166303,-1
7,17,4.686396362465835,0.9273356993337645,-10
8,7,3.8204900438494613,0.9651197257166303,1
8,9,3.8485427554772618,0.9613599470884386,-1
8,16,4.814454170138822,0.9032102434408774,-8
8,146,4.6101143998951795,0.887592059885938,-138
8,147,4.674916606730889,0.898304917178261,-139
9,8,3.8485427554772618,0.9613599470884386,1
9,10,3.8249241398887235,0.9555752434769003,-1
9,15,4.719640565219062,0.9258723823317215,-6
9,145,4.60783279660811,0.955550964011806,-136
10,9,3.8249241398887235,0.9555752434769003,1
10,11,3.838495798054821,0.9902606123659096,-1
10,145,4.0795022486023855,0.9999599321586033,-135
11,10,3.838495798054821,0.9902606123659096,1
11,12,3.8436413723763483,0.9715671014209897,-1
12,11,3.8436413723763483,0.9715671014209897,1
12,13,3.853902534514228,0.970565859621114,-1
13,12,3.853902534514228,0.970565859621114,1
13,14,3.8549962588986095,0.9975312721693519,-1
14,13,3.8549962588986095,0.9975312721693519,1
14,15,3.80458586141848,0.9514935275163766,-1
14,37,4.457624874516793,0.9544684243546406,-23
15,9,4.719640565219062,0.9258723823317215,6
15,14,3.80458586141848,0.9514935275163766,1
15,16,3.8105474232312315,0.950786581807921,-1
16,8,4.814454170138822,0.9032102434408774,8
16,15,3.8105474232312315,0.950786581807921,1
16,17,3.79897247690801,0.9499595533353932,-1
16,35,3.976294862272023,0.9352898669139316,-19
17,7,4.686396362465835,0.9273356993337645,10
17,16,3.79897247690801,0.9499595533353932,1
17,18,3.8142969933394557,0.954189767814757,-1
18,17,3.8142969933394557,0.954189767814757,1
18,19,3.8083746644759775,0.9728822980441019,-1
18,33,4.505879965317377,0.9325388944956048,-15
19,5,4.516925316227657,0.9469471320252464,14
19,18,3.8083746644759775,0.9728822980441019,1
19,20,3.8038503010839304,0.9598578738652331,-1
20,4,4.893279999338354,0.95469966430479,16
20,19,3.8038503010839304,0.9598578738652331,1
20,21,3.8308520148509317,0.9931825089046081,-1
20,31,4.683294349150515,0.94622634193307,-11
21,3,4.546581603810262,0.9704822597757964,18
21,20,3.8308520148509317,0.9931825089046081,1
21,22,3.8041062097584195,0.9820401466552502,-1
22,21,3.8041062097584195,0.9820401466552502,1
22,23,3.844009295381394,0.9979997745944376,-1
22,29,4.636237176688493,0.98540662297711,-7
23,1,4.131852988024611,0.9845822996185848,22
23,22,3.844009295381394,0.9979997745944376,1
23,24,3.8457505202864097,0.9879032933783956,-1
24,23,3.8457505202864097,0.9879032933783956,1
24,25,3.8689142510581003,0.9869392378300346,-1
25,24,3.8689142510581003,0.9869392378300346,1
25,26,3.854415193908228,0.9856476415064979,-1
26,25,3.854415193908228,0.9856476415064979,1
26,27,3.8419011481495926,0.9864440743661601,-1
27,26,3.8419011481495926,0.9864440743661601,1
27,28,3.8271600072368512,0.9958943767152373,-1
28,27,3.8271600072368512,0.9958943767152373,1
28,29,3.816964181868647,0.9856188298858328,-1
28,102,4.338367285120911,0.9712738902716839,-74
29,22,4.636237176688493,0.98540662297711,7
29,28,3.816964181868647,0.9856188298858328,1
29,30,3.8034369028082438,0.9676544513518864,-1
30,29,3.8034369028082438,0.9676544513518864,1
30,31,3.824378552305299,0.9878518177642616,-1
30,100,4.530167751598723,0.9496760205712113,-70
31,20,4.683294349150515,0.94622634193307,11
31,30,3.824378552305299,0.9878518177642616,1
31,32,3.818744814969079,0.9477564134635997,-1
32,31,3.818744814969079,0.9477564134635997,1
32,33,3.796167506585119,0.9507302693428152,-1
32,97,4.886809363416176,0.915875974417113,-65
32,98,4.578669235506129,0.9282962341978289,-66
33,18,4.505879965317377,0.9325388944956048,15
33,32,3.796167506585119,0.9507302693428152,1
33,34,3.7996931884005503,0.9504253709301382,-1
34,33,3.7996931884005503,0.9504253709301382,1
34,35,3.8284149642944922,0.9507729560426204,-1
34,96,4.591468704104109,0.9298536604258878,-62
35,16,3.976294862272023,0.9352898669139316,19
35,34,3.8284149642944922,0.9507729560426204,1
35,36,3.845111386448494,0.9744187752439565,-1
36,35,3.845111386448494,0.9744187752439565,1
36,37,3.8275027465028693,0.9642328229975891,-1
36,94,4.327763213386218,0.9490772288242786,-58
37,14,4.457624874516793,0.9544684243546406,23
37,36,3.8275027465028693,0.9642328229975891,1
37,38,3.851233963931198,0.971248221510945,-1
38,37,3.851233963931198,0.971248221510945,1
38,39,3.8242930867322342,0.968343287799818,-1
38,93,4.4613891789482745,0.9702484383603287,-55
39,38,3.8242930867322342,0.968343287799818,1
39,40,3.8523931322760694,0.9670070283615964,-1
40,39,3.8523931322760694,0.9670070283615964,1
40,41,3.8541265683961448,0.9709148746640244,-1
41,40,3.8541265683961448,0.9709148746640244,1
41,42,3.8238567276591473,0.9810358908424435,-1
42,41,3.8238567276591473,0.9810358908424435,1
42,43,3.8176552458189073,0.9692231043306231,-1
42,88,4.60476732625221,0.8981764836050443,-46
42,123,4.754285091524933,0.8846764444029461,-81
43,42,3.8176552458189073,0.9692231043306231,1
43,44,3.8339406226171606,0.8406914126802469,-1
43,123,4.526928476216899,0.9078369616439373,-80
44,43,3.8339406226171606,0.8406914126802469,1
44,45,3.820429195747938,0.7400944300778217,-1
44,86,4.443782615268441,0.7146740517065917,-42
44,120,4.900913761275492,0.6125911477173925,-76
44,124,4.492226159470198,0.9628727477748905,-80
45,44,3.820429195747938,0.7400944300778217,1
45,46,3.8031790369992247,0.18472016128178362,-1
45,119,4.716785574608413,-0.6127319887289693,-74
46,45,3.8031790369992247,0.18472016128178362,1
46,47,3.786204849201467,0.9047557087049085,-1
47,46,3.786204849201467,0.9047557087049085,1
47,48,3.819566851246102,0.9234976719588436,-1
47,82,4.234557176822393,0.8875912542371778,-35
47,117,4.509211336800866,0.7692925437089799,-70
48,47,3.819566851246102,0.9234976719588436,1
48,49,3.809002120124841,0.9972886972210591,-1
48,63,4.141870497559243,0.9117208674822109,-15
48,64,4.750584590650407,0.9297825470184246,-16
49,48,3.809002120124841,0.9972886972210591,1
49,50,3.8359542606877133,0.96677048076781,-1
49,64,4.143593970549533,0.9467498267494514,-15
50,49,3.8359542606877133,0.96677048076781,1
50,51,3.8251182798062406,0.9649893674086156,-1
50,60,4.544314615533494,0.9522189827641955,-10
50,115,4.99769586705857,0.9402641674134581,-65
51,50,3.8251182798062406,0.9649893674086156,1
51,52,3.832493763943363,0.973367121129358,-1
51,115,4.075410293422601,0.9648557342961251,-64
51,116,4.804826383844503,0.9976351121130281,-65
52,51,3.832493763943363,0.973367121129358,1
52,53,3.830832185063144,0.9710026464201533,-1
53,52,3.830832185063144,0.9710026464201533,1
53,54,3.8992419678547674,0.9969077358858048,-1
53,56,4.4790144364372395,0.9579863924693927,-3
54,53,3.8992419678547674,0.9969077358858048,1
54,55,3.8495259387865084,0.9799226370636756,-1
55,54,3.8495259387865084,0.9799226370636756,1
55,56,3.8390222591183356,0.9917322540914012,-1
56,53,4.4790144364372395,0.9579863924693927,3
56,55,3.8390222591183356,0.9917322540914012,1
56,57,3.8179745742343245,0.9932325919802001,-1
57,56,3.8179745742343245,0.9932325919802001,1
57,58,3.8617985359186653,0.9658232141951966,-1
58,57,3.8617985359186653,0.9658232141951966,1
58,59,3.858128783684957,0.9721099691253577,-1
59,58,3.858128783684957,0.9721099691253577,1
59,60,3.84981398550232,0.9839855964683029,-1
60,50,4.544314615533494,0.9522189827641955,10
60,59,3.84981398550232,0.9839855964683029,1
60,61,3.867919614605523,0.9605917111598049,-1
61,60,3.867919614605523,0.9605917111598049,1
61,62,3.8817129395961976,0.9608473895776882,-1
62,61,3.8817129395961976,0.9608473895776882,1
62,63,3.8344509493338985,0.9630776594980278,-1
63,48,4.141870497559243,0.9117208674822109,15
63,62,3.8344509493338985,0.9630776594980278,1
63,64,3.817999792089113,0.9517862581888232,-1
64,48,4.750584590650407,0.9297825470184246,16
64,49,4.143593970549533,0.9467498267494514,15
64,63,3.817999792089113,0.9517862581888232,1
64,65,3.8392470626815522,0.980278436391723,-1
64,82,4.6889728116345335,0.9362671742875055,-18
65,64,3.8392470626815522,0.980278436391723,1
65,66,3.8710108281584583,0.9898550500933723,-1
65,80,4.78984255198071,0.9478909237705988,-15
66,65,3.8710108281584583,0.9898550500933723,1
66,67,3.8654076130803454,0.9818531010195861,-1
67,66,3.8654076130803454,0.9818531010195861,1
67,68,3.8750265082644577,0.979941646685897,-1
68,67,3.8750265082644577,0.979941646685897,1
68,69,3.8663280561454285,0.9808440603639145,-1
69,68,3.8663280561454285,0.9808440603639145,1
69,70,3.8205143461947007,0.9789269938595005,-1
70,69,3.8205143461947007,0.9789269938595005,1
70,71,3.7981677426287166,0.9953287871067612,-1
71,70,3.7981677426287166,0.9953287871067612,1
71,72,3.8298382885859894,0.9581101626897265,-1
71,79,4.641490800878221,0.9454309007433049,-8
71,135,4.696070051715811,0.9652266540695439,-64
72,71,3.8298382885859894,0.9581101626897265,1
72,73,3.810629354978575,0.9588987791558156,-1
72,79,4.2354654627826225,0.9552633640004311,-7
72,126,4.608754926168553,0.9367075206621432,-54
72,127,4.643592305098254,0.9511877306233466,-55
73,72,3.810629354978575,0.9588987791558156,1
73,74,3.8550005085421795,0.945573355101105,-1
73,126,4.342124302072828,0.9339737465069163,-53
74,73,3.8550005085421795,0.945573355101105,1
74,75,3.8639131157546958,0.9970495784831543,-1
75,74,3.8639131157546958,0.9970495784831543,1
75,76,3.8287834861753605,0.9738767203524535,-1
76,75,3.8287834861753605,0.9738767203524535,1
76,77,3.820588415415095,0.984010198384268,-1
77,76,3.820588415415095,0.984010198384268,1
77,78,3.8443800028091686,0.9787042792925024,-1
78,77,3.8443800028091686,0.9787042792925024,1
78,79,3.8416667723610702,0.9967672753633227,-1
79,71,4.641490800878221,0.9454309007433049,8
79,72,4.2354654627826225,0.9552633640004311,7
79,78,3.8416667723610702,0.9967672753633227,1
79,80,3.776093389621087,0.966546449263724,-1
80,65,4.78984255198071,0.9478909237705988,15
80,79,3.776093389621087,0.966546449263724,1
80,81,3.827858612632384,0.9544686598538509,-1
81,80,3.827858612632384,0.9544686598538509,1
81,82,3.841894530824092,0.9912276377838566,-1
82,47,4.234557176822393,0.8875912542371778,35
82,64,4.6889728116345335,0.9362671742875055,18
82,81,3.841894530824092,0.9912276377838566,1
82,83,3.8719616375207835,0.9006965426685178,-1
83,82,3.8719616375207835,0.9006965426685178,1
83,84,3.8866799723995737,0.8740875671713897,-1
84,83,3.8866799723995737,0.8740875671713897,1
84,85,3.8640103539827764,0.8336553558902982,-1
85,84,3.8640103539827764,0.8336553558902982,1
85,86,3.8257570493338813,0.8351582138973399,-1
86,44,4.443782615268441,0.7146740517065917,42
86,85,3.8257570493338813,0.8351582138973399,1
86,87,3.7961663345935257,0.8375360649053275,-1
87,86,3.7961663345935257,0.8375360649053275,1
87,88,3.8516953299864287,0.9800926761298207,-1
88,42,4.60476732625221,0.8981764836050443,46
88,87,3.8516953299864287,0.9800926761298207,1
88,89,3.810628332623213,0.9520892809686287,-1
89,88,3.810628332623213,0.9520892809686287,1
89,90,3.8285055145260376,0.9996919853570241,-1
89,94,4.784461245758479,0.9399214550875327,-5
89,95,3.968612780856913,0.9437621089970681,-6
90,89,3.8285055145260376,0.9996919853570241,1
90,91,3.8634618535440484,0.9886896756002307,-1
91,90,3.8634618535440484,0.9886896756002307,1
91,92,3.828772805180453,0.9788090423969126,-1
92,91,3.828772805180453,0.9788090423969126,1
92,93,3.8589433678877816,0.995394538520234,-1
93,38,4.4613891789482745,0.9702484383603287,55
93,92,3.8589433678877816,0.995394538520234,1
93,94,3.8496753004152025,0.9679923395486915,-1
94,36,4.327763213386218,0.9490772288242786,58
94,89,4.784461245758479,0.9399214550875327,5
94,93,3.8496753004152025,0.9679923395486915,1
94,95,3.8114929204875367,0.977190383071414,-1
95,89,3.968612780856913,0.9437621089970681,6
95,94,3.8114929204875367,0.977190383071414,1
95,96,3.8166977439916856,0.9547478676213461,-1
96,34,4.591468704104109,0.9298536604258878,62
96,95,3.8166977439916856,0.9547478676213461,1
96,97,3.8201904490744605,0.9647611529456472,-1
97,32,4.886809363416176,0.915875974417113,65
97,96,3.8201904490744605,0.9647611529456472,1
97,98,3.825473070449001,0.9589381524129469,-1
98,32,4.578669235506129,0.9282962341978289,66
98,97,3.825473070449001,0.9589381524129469,1
98,99,3.8405221598651136,0.9495094335100904,-1
99,98,3.8405221598651136,0.9495094335100904,1
99,100,3.817578917547136,0.9738497281380378,-1
100,30,4.530167751598723,0.9496760205712113,70
100,99,3.817578917547136,0.9738497281380378,1
100,101,3.8361861278781815,0.9604854396508354,-1
101,100,3.8361861278781815,0.9604854396508354,1
101,102,3.8459288654592934,0.9872673620927517,-1
102,28,4.338367285120911,0.9712738902716839,74
102,101,3.8459288654592934,0.9872673620927517,1
102,103,3.86551569098895,0.9718871600511595,-1
103,102,3.86551569098895,0.9718871600511595,1
103,104,3.834501045481655,0.9710351303720104,-1
104,103,3.834501045481655,0.9710351303720104,1
104,105,3.8122727973182133,0.9828818901811858,-1
105,104,3.8122727973182133,0.9828818901811858,1
105,106,3.831985717348641,0.9743625070020138,-1
105,111,4.83332162773344,0.955811962264676,-6
106,105,3.831985717348641,0.9743625070020138,1
106,107,3.869780615186621,0.9911399341155008,-1
106,111,4.77886460206531,0.9591247419244775,-5
107,106,3.869780615186621,0.9911399341155008,1
107,108,3.8548541344859903,0.9855574914183379,-1
107,111,4.447604742742218,0.9878431274718096,-4
108,107,3.8548541344859903,0.9855574914183379,1
108,109,3.8368423126325135,0.9847074814518448,-1
109,108,3.8368423126325135,0.9847074814518448,1
109,110,3.857189032621516,0.9957306185383124,-1
110,109,3.857189032621516,0.9957306185383124,1
110,111,3.846253853329793,0.97349971129881,-1
111,105,4.83332162773344,0.955811962264676,6
111,106,4.77886460206531,0.9591247419244775,5
111,107,4.447604742742218,0.9878431274718096,4
111,110,3.846253853329793,0.97349971129881,1
111,112,3.8406087433028984,0.9919962779271524,-1
112,111,3.8406087433028984,0.9919962779271524,1
112,113,3.8561366942788338,0.9743034031238431,-1
113,112,3.8561366942788338,0.9743034031238431,1
113,114,3.8287543119211427,0.9699321771770664,-1
114,113,3.8287543119211427,0.9699321771770664,1
114,115,3.8664062359778315,0.987729234345571,-1
115,50,4.99769586705857,0.9402641674134581,65
115,51,4.075410293422601,0.9648557342961251,64
115,114,3.8664062359778315,0.987729234345571,1
115,116,3.833724362882975,0.9716407798060585,-1
116,51,4.804826383844503,0.9976351121130281,65
116,115,3.833724362882975,0.9716407798060585,1
116,117,3.808162791945558,0.9787115864316603,-1
116,148,4.312430106237224,0.9546335583713861,-32
117,47,4.509211336800866,0.7692925437089799,70
117,116,3.808162791945558,0.9787115864316603,1
117,118,3.8546683371035964,0.7960556772680607,-1
118,117,3.8546683371035964,0.7960556772680607,1
118,119,3.8202447365789367,0.595092222959522,-1
118,146,4.379384742896001,0.9498086316362832,-28
119,45,4.716785574608413,-0.6127319887289693,74
119,118,3.8202447365789367,0.595092222959522,1
119,120,3.8200536908341434,0.7976288718799058,-1
120,44,4.900913761275492,0.6125911477173925,76
120,119,3.8200536908341434,0.7976288718799058,1
120,121,3.8395304831864587,0.9810181498134709,-1
120,143,4.569312198515296,0.8811697954100923,-23
121,120,3.8395304831864587,0.9810181498134709,1
121,122,3.8355693031592146,0.9265726227574126,-1
122,121,3.8355693031592146,0.9265726227574126,1
122,123,3.767194769129418,0.9294160371190829,-1
122,140,4.542305925905224,0.8951233725566939,-18
123,42,4.754285091524933,0.8846764444029461,81
123,43,4.526928476216899,0.9078369616439373,80
123,122,3.767194769129418,0.9294160371190829,1
123,124,3.789369153219156,0.920661327116539,-1
124,44,4.492226159470198,0.9628727477748905,80
124,123,3.789369153219156,0.920661327116539,1
124,125,3.861344307703807,0.9927256079388765,-1
124,138,4.588813602046847,0.9191328115846542,-14
124,140,4.519391468354787,0.8748006995478032,-16
125,124,3.861344307703807,0.9927256079388765,1
125,126,3.8728496696327106,0.9509176306753293,-1
125,138,4.827329932845312,0.923106414675117,-13
126,72,4.608754926168553,0.9367075206621432,54
126,73,4.342124302072828,0.9339737465069163,53
126,125,3.8728496696327106,0.9509176306753293,1
126,127,3.8433838989003477,0.9791837877696712,-1
127,72,4.643592305098254,0.9511877306233466,55
127,126,3.8433838989003477,0.9791837877696712,1
127,128,3.8858158271664953,0.9820091243605653,-1
127,134,4.6164805607369175,0.9529273288598389,-7
127,135,4.530834822183031,0.959738455409266,-8
128,127,3.8858158271664953,0.9820091243605653,1
128,129,3.866729020884185,0.9756496518725049,-1
129,128,3.866729020884185,0.9756496518725049,1
129,130,3.8639183869120255,0.9942203278080244,-1
130,129,3.8639183869120255,0.9942203278080244,1
130,131,3.8612282120702415,0.9827888259510121,-1
131,130,3.8612282120702415,0.9827888259510121,1
131,132,3.860067967313631,0.982026274830592,-1
132,131,3.860067967313631,0.982026274830592,1
132,133,3.8395437077240078,0.9944524360280077,-1
133,132,3.8395437077240078,0.9944524360280077,1
133,134,3.8565601226520148,0.9749565231602951,-1
133,136,4.9903358521008725,0.9591584993061539,-3
134,127,4.6164805607369175,0.9529273288598389,7
134,133,3.8565601226520148,0.9749565231602951,1
134,135,3.8500349586663782,0.9708116397670553,-1
134,138,4.119255672209464,0.9989543241965319,-4
135,71,4.696070051715811,0.9652266540695439,64
135,127,4.530834822183031,0.959738455409266,8
135,134,3.8500349586663782,0.9708116397670553,1
135,136,3.8814386538865424,0.9729921255514589,-1
136,133,4.9903358521008725,0.9591584993061539,3
136,135,3.8814386538865424,0.9729921255514589,1
136,137,3.852914801547923,0.9860004515948745,-1
137,136,3.852914801547923,0.9860004515948745,1
137,138,3.8352081331504912,0.940668066697693,-1
138,124,4.588813602046847,0.9191328115846542,14
138,125,4.827329932845312,0.923106414675117,13
138,134,4.119255672209464,0.9989543241965319,4
138,137,3.8352081331504912,0.940668066697693,1
138,139,3.870172848265347,0.952621493458002,-1
139,138,3.870172848265347,0.952621493458002,1
139,140,3.8778433587160985,0.9821403966280208,-1
140,122,4.542305925905224,0.8951233725566939,18
140,124,4.519391468354787,0.8748006995478032,16
140,139,3.8778433587160985,0.9821403966280208,1
140,141,3.8691490043926464,0.9494431137454729,-1
141,140,3.8691490043926464,0.9494431137454729,1
141,142,3.833224616332164,0.9417894318949676,-1
142,141,3.833224616332164,0.9417894318949676,1
142,143,3.8629020069457365,0.9507972646783047,-1
143,120,4.569312198515296,0.8811697954100923,23
143,142,3.8629020069457365,0.9507972646783047,1
143,144,3.8371818665065374,0.9148883191153199,-1
144,143,3.8371818665065374,0.9148883191153199,1
144,145,3.8225573589127744,0.915527311471568,-1
145,9,4.60783279660811,0.955550964011806,136
145,10,4.0795022486023855,0.9999599321586033,135
145,144,3.8225573589127744,0.915527311471568,1
145,146,3.792411767294099,0.9058370988123343,-1
146,8,4.6101143998951795,0.887592059885938,138
146,118,4.379384742896001,0.9498086316362832,28
146,145,3.792411767294099,0.9058370988123343,1
146,147,3.8089575054485607,0.9437493488732469,-1
147,8,4.674916606730889,0.898304917178261,139
147,146,3.8089575054485607,0.9437493488732469,1
147,148,3.8051534712592763,0.9593034610376462,-1
148,116,4.312430106237224,0.9546335583713861,32
148,147,3.8051534712592763,0.9593034610376462,1
148,149,3.8385054233061964,0.9526806004653396,-1
149,6,4.602592008265196,0.9290656583331217,143
149,148,3.8385054233061964,0.9526806004653396,1
149,150,3.842224733000402,0.9970237922124873,-1
150,149,3.842224733000402,0.9970237922124873,1
151,152,3.9035653203164067,0.9951689220000288,-1
152,151,3.9035653203164067,0.9951689220000288,1
152,153,3.869217569411445,0.9932885771584147,-1
153,152,3.869217569411445,0.9932885771584147,1
153,154,3.8756952108593614,0.996464226826651,-1
154,153,3.8756952108593614,0.996464226826651,1
154,155,3.8450888834825614,0.9956585940054122,-1
155,154,3.8450888834825614,0.9956585940054122,1
155,156,3.8709306051728296,0.9913561726290684,-1
156,155,3.8709306051728296,0.9913561726290684,1
156,157,3.8613142546269406,0.9910667188947161,-1
157,156,3.8613142546269406,0.9910667188947161,1
157,158,3.8312905882211847,0.9980380368006886,-1
158,157,3.8312905882211847,0.9980380368006886,1
158,159,3.8837677716877863,0.9886793404987541,-1
159,158,3.8837677716877863,0.9886793404987541,1
159,160,3.8630828852489874,0.9900438261359148,-1
160,159,3.8630828852489874,0.9900438261359148,1
160,161,3.8570354221879875,0.9899222207216142,-1
161,160,3.8570354221879875,0.9899222207216142,1
161,162,3.8466927071496904,0.9981714102791697,-1
162,161,3.8466927071496904,0.9981714102791697,1
162,163,3.840972691730006,0.9836255032012324,-1
163,162,3.840972691730006,0.9836255032012324,1
163,164,3.8531330508578914,0.9865612778952728,-1
164,163,3.8531330508578914,0.9865612778952728,1
164,165,3.8734830327371466,0.9933966414456615,-1
165,164,3.8734830327371466,0.9933966414456615,1
165,166,3.852296749955571,0.9865170150306809,-1
166,165,3.852296749955571,0.9865170150306809,1
166,167,3.847757874846687,0.9891800605696995,-1
167,166,3.847757874846687,0.9891800605696995,1
167,168,3.8554107239174913,0.9813883585110522,-1
168,167,3.8554107239174913,0.9813883585110522,1
168,169,3.860886623959819,0.9988141868913943,-1
169,168,3.860886623959819,0.9988141868913943,1
169,170,3.860412169566257,0.9731360678460177,-1
170,169,3.860412169566257,0.9731360678460177,1
170,171,3.8583423481305363,0.9908390429099406,-1
171,170,3.8583423481305363,0.9908390429099406,1
171,172,3.8737212002063464,0.9842468991409435,-1
172,171,3.8737212002063464,0.9842468991409435,1
172,173,3.862895964349222,0.9769996723406916,-1
173,172,3.862895964349222,0.9769996723406916,1
173,174,3.8694423850138193,0.9968117899554845,-1
174,173,3.8694423850138193,0.9968117899554845,1
174,175,3.860955628985621,0.9638517983951598,-1
175,174,3.860955628985621,0.9638517983951598,1
175,176,3.8929799741457622,0.988535427168704,-1
176,175,3.8929799741457622,0.988535427168704,1
176,177,3.858679343025256,0.9763990791979847,-1
177,176,3.858679343025256,0.9763990791979847,1
177,178,3.8405906834553596,0.9791469840913762,-1
177,182,4.878581874382105,0.948755835831115,-5
177,184,4.546185378655519,0.9877481393382433,-7
178,177,3.8405906834553596,0.9791469840913762,1
178,179,3.856670018168008,0.9787417855378795,-1
178,182,4.4687825136090975,0.9671455573069823,-4
178,197,4.308030996678666,0.94270998683854,-19
179,178,3.856670018168008,0.9787417855378795,1
179,180,3.8723873822582444,0.9292568641155248,-1
180,179,3.8723873822582444,0.9292568641155248,1
180,181,3.857544510742469,0.9987984747573043,-1
181,180,3.857544510742469,0.9987984747573043,1
181,182,3.892673359322893,0.9676493753721197,-1
182,177,4.878581874382105,0.948755835831115,5
182,178,4.4687825136090975,0.9671455573069823,4
182,181,3.892673359322893,0.9676493753721197,1
182,183,3.86125826352302,0.9808471792120018,-1
183,182,3.86125826352302,0.9808471792120018,1
183,184,3.8631731056239174,0.980432498823686,-1
184,177,4.546185378655519,0.9877481393382433,7
184,183,3.8631731056239174,0.980432498823686,1
184,185,3.8372316445584578,0.9791298811246305,-1
185,184,3.8372316445584578,0.9791298811246305,1
185,186,3.864045968483328,0.9924287149815672,-1
186,185,3.864045968483328,0.9924287149815672,1
186,187,3.887694675030582,0.9722416336576039,-1
186,197,4.83447658471367,0.9840954850144247,-11
186,198,4.3827101958192465,0.957209170816397,-12
187,186,3.887694675030582,0.9722416336576039,1
187,188,3.840358014292964,0.9851320349254852,-1
188,187,3.840358014292964,0.9851320349254852,1
188,189,3.8152722807115507,0.9875943293285395,-1
188,217,4.360375208179935,0.971858527183746,-29
189,188,3.8152722807115507,0.9875943293285395,1
189,190,3.8204592645880084,0.9558169894686078,-1
189,196,4.286790129671231,0.9083876988895465,-7
190,189,3.8204592645880084,0.9558169894686078,1
190,191,3.8208209844995573,0.8886599394931047,-1
190,215,4.392801412079539,0.9671646604742387,-25
191,190,3.8208209844995573,0.8886599394931047,1
191,192,3.8413281598566718,0.8887336882548283,-1
191,194,4.728835616378105,0.8329696575007893,-3
192,191,3.8413281598566718,0.8887336882548283,1
192,193,3.8700835635195134,0.9709242929577033,-1
193,192,3.8700835635195134,0.9709242929577033,1
193,194,3.8585614939964263,0.7880620542658915,-1
194,191,4.728835616378105,0.8329696575007893,3
194,193,3.8585614939964263,0.7880620542658915,1
194,195,3.8888645694113055,0.8022400990902709,-1
194,231,4.586273079910754,0.9984801154448549,-37
195,194,3.8888645694113055,0.8022400990902709,1
195,196,3.8343532044069972,0.9804589017033644,-1
196,189,4.286790129671231,0.9083876988895465,7
196,195,3.8343532044069972,0.9804589017033644,1
196,197,3.8359083989745217,0.936255533394411,-1
197,178,4.308030996678666,0.94270998683854,19
197,186,4.83447658471367,0.9840954850144247,11
197,196,3.8359083989745217,0.936255533394411,1
197,198,3.833698651489655,0.9933929608534772,-1
198,186,4.3827101958192465,0.957209170816397,12
198,197,3.833698651489655,0.9933929608534772,1
198,199,3.848184830880473,0.9758368077627977,-1
199,198,3.848184830880473,0.9758368077627977,1
199,200,3.8849785605184337,0.9716943717986941,-1
199,202,4.844717886095316,0.9779753229807453,-3
200,199,3.8849785605184337,0.9716943717986941,1
200,201,3.837315716715552,0.9979731911254653,-1
201,200,3.837315716715552,0.9979731911254653,1
201,202,3.859293057329978,0.9528452602431741,-1
201,204,4.989403672389912,0.9278319478923719,-3
202,199,4.844717886095316,0.9779753229807453,3
202,201,3.859293057329978,0.9528452602431741,1
202,203,3.862665803293325,0.9788453197996475,-1
203,202,3.862665803293325,0.9788453197996475,1
203,204,3.8528890577750117,0.9708788705717007,-1
204,201,4.989403672389912,0.9278319478923719,3
204,203,3.8528890577750117,0.9708788705717007,1
204,205,3.8564038374677856,0.981985908280607,-1
205,204,3.8564038374677856,0.981985908280607,1
205,206,3.876561931832287,0.9751358569585954,-1
206,205,3.876561931832287,0.9751358569585954,1
206,207,3.8654695339125094,0.9665929917380801,-1
207,206,3.8654695339125094,0.9665929917380801,1
207,208,3.874532757251304,0.9794553206780173,-1
208,207,3.874532757251304,0.9794553206780173,1
208,209,3.8581702929576234,0.9557672142355014,-1
209,208,3.8581702929576234,0.9557672142355014,1
209,210,3.856911583268563,0.9546799782014976,-1
210,209,3.856911583268563,0.9546799782014976,1
210,211,3.848707986074191,0.9489916947195955,-1
211,210,3.848707986074191,0.9489916947195955,1
211,212,3.8804439837341853,0.9770152150868485,-1
212,211,3.8804439837341853,0.9770152150868485,1
212,213,3.845550668848022,0.8820528974452382,-1
213,212,3.845550668848022,0.8820528974452382,1
213,214,3.849499212913281,0.9361316800241902,-1
214,213,3.849499212913281,0.9361316800241902,1
214,215,3.8036808363037946,0.9398561460825043,-1
215,190,4.392801412079539,0.9671646604742387,25
215,214,3.8036808363037946,0.9398561460825043,1
215,216,3.8553035701485356,0.973720064636283,-1
216,215,3.8553035701485356,0.973720064636283,1
216,217,3.806255763168888,0.9803318800776318,-1
217,188,4.360375208179935,0.971858527183746,29
217,216,3.806255763168888,0.9803318800776318,1
217,218,3.82064728516569,0.9726762110304216,-1
218,217,3.82064728516569,0.9726762110304216,1
218,219,3.8409629628627457,0.9993166567617706,-1
219,218,3.8409629628627457,0.9993166567617706,1
219,220,3.8715432774134197,0.9834735194672113,-1
220,219,3.8715432774134197,0.9834735194672113,1
220,221,3.8599620367903693,0.986145191560484,-1
221,220,3.8599620367903693,0.986145191560484,1
221,222,3.823484515362747,0.9824342787723358,-1
222,221,3.823484515362747,0.9824342787723358,1
222,223,3.846003794906301,0.9874635124264185,-1
223,222,3.846003794906301,0.9874635124264185,1
223,224,3.8450850422963287,0.9776647392302399,-1
224,223,3.8450850422963287,0.9776647392302399,1
224,225,3.850681363489813,0.9781296958281829,-1
225,224,3.850681363489813,0.9781296958281829,1
225,226,3.85651940795576,0.9881596361591523,-1
226,225,3.85651940795576,0.9881596361591523,1
226,227,3.8480156403628234,0.9785301645672335,-1
226,229,4.96411912176235,0.9490843471130773,-3
227,226,3.8480156403628234,0.9785301645672335,1
227,228,3.845236442788197,0.9667309891521036,-1
228,227,3.845236442788197,0.9667309891521036,1
228,229,3.8395140761138062,0.9649367864403215,-1
229,226,4.96411912176235,0.9490843471130773,3
229,228,3.8395140761138062,0.9649367864403215,1
229,230,3.8760054689441255,0.9977413809291594,-1
230,229,3.8760054689441255,0.9977413809291594,1
230,231,3.865681121170378,0.9318191116696377,-1
231,194,4.586273079910754,0.9984801154448549,37
231,230,3.865681121170378,0.9318191116696377,1
231,232,3.8708176216596697,0.9727732469755483,-1
232,231,3.8708176216596697,0.9727732469755483,1
232,233,3.8575503451526085,0.958134648976874,-1
233,232,3.8575503451526085,0.958134648976874,1
233,234,3.867129988059285,0.9718410207633655,-1
233,284,4.7506326244510175,0.9162343349561481,-51
234,233,3.867129988059285,0.9718410207633655,1
234,235,3.8452532219131506,0.9131811218936641,-1
235,234,3.8452532219131506,0.9131811218936641,1
235,236,3.8279549229124417,0.9148999091349223,-1
236,235,3.8279549229124417,0.9148999091349223,1
236,237,3.859604682762901,0.953180041742964,-1
236,239,4.948901006927379,0.8540727053851283,-3
237,236,3.859604682762901,0.953180041742964,1
237,238,3.863408211030318,0.9452501620060537,-1
238,237,3.863408211030318,0.9452501620060537,1
238,239,3.8274942667154552,0.9754415029470666,-1
239,236,4.948901006927379,0.8540727053851283,3
239,238,3.8274942667154552,0.9754415029470666,1
239,240,3.855656987505475,0.9336464304941913,-1
240,239,3.855656987505475,0.9336464304941913,1
240,241,3.874223025556741,0.9389921125979859,-1
241,240,3.874223025556741,0.9389921125979859,1
241,242,3.8575725552127116,0.952146354556645,-1
242,241,3.8575725552127116,0.952146354556645,1
242,243,3.8588335680311587,0.8839061111403619,-1
243,242,3.8588335680311587,0.8839061111403619,1
243,244,3.8696069341158306,0.9734266614067356,-1
243,274,4.104082930344645,0.933798764043758,-31
244,243,3.8696069341158306,0.9734266614067356,1
244,245,3.890621263845623,0.9620013401154324,-1
244,247,4.907514985364948,0.9863414196387511,-3
245,244,3.890621263845623,0.9620013401154324,1
245,246,3.8545199429552897,0.9736591032296152,-1
246,245,3.8545199429552897,0.9736591032296152,1
246,247,3.83345903080624,0.9663700550317416,-1
246,273,4.532881066103288,0.9673234528919143,-27
247,244,4.907514985364948,0.9863414196387511,3
247,246,3.83345903080624,0.9663700550317416,1
247,248,3.869863566759162,0.9989680374853099,-1
248,247,3.869863566759162,0.9989680374853099,1
248,249,3.868365853414462,0.9826489828673368,-1
249,248,3.868365853414462,0.9826489828673368,1
249,250,3.86957830455588,0.9877685840237169,-1
250,249,3.86957830455588,0.9877685840237169,1
250,251,3.862897217896317,0.9923824593768945,-1
251,250,3.862897217896317,0.9923824593768945,1
251,252,3.8237866566932337,0.9813989787068272,-1
252,251,3.8237866566932337,0.9813989787068272,1
252,253,3.8238824709524684,0.9915439848990067,-1
253,252,3.8238824709524684,0.9915439848990067,1
253,254,3.8653208045305205,0.9772880489952005,-1
254,253,3.8653208045305205,0.9772880489952005,1
254,255,3.8467957976981153,0.9821629675743444,-1
255,254,3.8467957976981153,0.9821629675743444,1
255,256,3.8650365289489406,0.9842032287020609,-1
256,255,3.8650365289489406,0.9842032287020609,1
256,257,3.8271634113330757,0.9862224221409863,-1
257,256,3.8271634113330757,0.9862224221409863,1
257,258,3.9153327600771766,0.9797718733382772,-1
257,260,4.924294561428949,0.9826810236428822,-3
258,257,3.9153327600771766,0.9797718733382772,1
258,259,3.843739114528353,0.9814427597374064,-1
259,258,3.843739114528353,0.9814427597374064,1
259,260,3.857837995747355,0.9907954384508633,-1
259,262,4.9789189475534545,0.9714494016992191,-3
260,257,4.924294561428949,0.9826810236428822,3
260,259,3.857837995747355,0.9907954384508633,1
260,261,3.8632070011998465,0.9672558333609564,-1
261,260,3.8632070011998465,0.9672558333609564,1
261,262,3.8448348154153105,0.9685156121208528,-1
262,259,4.9789189475534545,0.9714494016992191,3
262,261,3.8448348154153105,0.9685156121208528,1
262,263,3.8470919229917766,0.9772131482749664,-1
263,262,3.8470919229917766,0.9772131482749664,1
263,264,3.8724427166498887,0.9786589275521377,-1
264,263,3.8724427166498887,0.9786589275521377,1
264,265,3.8698046319509727,0.9388002103646512,-1
265,264,3.8698046319509727,0.9388002103646512,1
265,266,3.84363944535674,0.9460586312051037,-1
265,269,4.8810225005105075,0.8998614799503396,-4
266,265,3.84363944535674,0.9460586312051037,1
266,267,3.883039186231187,0.9824380427870556,-1
266,270,4.873558659628125,0.9146176810775057,-4
267,266,3.883039186231187,0.9824380427870556,1
267,268,3.8621399681412982,0.9055500049256076,-1
267,271,4.958283814161207,0.8548722601024855,-4
268,267,3.8621399681412982,0.9055500049256076,1
268,269,3.8631155562629336,0.9645187187486414,-1
269,265,4.8810225005105075,0.8998614799503396,4
269,268,3.8631155562629336,0.9645187187486414,1
269,270,3.866455967716435,0.9547927198443494,-1
270,266,4.873558659628125,0.9146176810775057,4
270,269,3.866455967716435,0.9547927198443494,1
270,271,3.8860429564343395,0.9536912452869923,-1
271,267,4.958283814161207,0.8548722601024855,4
271,270,3.8860429564343395,0.9536912452869923,1
271,272,3.8489495899557062,0.9750389654367559,-1
272,271,3.8489495899557062,0.9750389654367559,1
272,273,3.8472448268416657,0.9516079077587312,-1
273,246,4.532881066103288,0.9673234528919143,27
273,272,3.8472448268416657,0.9516079077587312,1
273,274,3.8443151689522836,0.9542330300101919,-1
274,243,4.104082930344645,0.933798764043758,31
274,273,3.8443151689522836,0.9542330300101919,1
274,275,3.820802847043047,0.9582018585937708,-1
275,274,3.820802847043047,0.9582018585937708,1
275,276,3.847152785340964,0.9556543089859951,-1
276,275,3.847152785340964,0.9556543089859951,1
276,277,3.8574400060370504,0.975406825052382,-1
277,276,3.8574400060370504,0.975406825052382,1
277,278,3.8512998099439426,0.9793019871689597,-1
278,277,3.8512998099439426,0.9793019871689597,1
278,279,3.8238726286038465,0.9531981864244248,-1
279,278,3.8238726286038465,0.9531981864244248,1
279,280,3.8414127623535492,0.9804641408251606,-1
280,279,3.8414127623535492,0.9804641408251606,1
280,281,3.854882455152964,0.9640619642184969,-1
281,280,3.854882455152964,0.9640619642184969,1
281,282,3.8420369121459346,0.9735412893071717,-1
282,281,3.8420369121459346,0.9735412893071717,1
282,283,3.862100961840958,0.9699993651950001,-1
283,282,3.862100961840958,0.9699993651950001,1
283,284,3.866077034126771,0.9468096822993906,-1
284,233,4.7506326244510175,0.9162343349561481,51
284,283,3.866077034126771,0.9468096822993906,1
284,285,3.844662657703947,0.9993080625991275,-1
285,284,3.844662657703947,0.9993080625991275,1
285,286,3.839922020079113,0.9715443611219093,-1
286,285,3.839922020079113,0.9715443611219093,1
286,287,3.8294008252189324,0.9814422523409363,-1
287,286,3.8294008252189324,0.9814422523409363,1
287,288,3.843564410446222,0.9773711646207367,-1
288,287,3.843564410446222,0.9773711646207367,1
288,289,3.892754908700948,0.9992638248961077,-1
289,288,3.892754908700948,0.9992638248961077,1
289,290,3.8622802318882847,0.984355332628231,-1
290,289,3.8622802318882847,0.984355332628231,1
290,291,3.8455547594718342,0.9859600905331437,-1
291,290,3.8455547594718342,0.9859600905331437,1
291,292,3.8593101763945463,0.9890573762344707,-1
292,291,3.8593101763945463,0.9890573762344707,1
292,293,3.871119759974433,0.9941648014595839,-1
293,292,3.871119759974433,0.9941648014595839,1
293,294,3.8717523709113246,0.9883972484150123,-1
294,293,3.8717523709113246,0.9883972484150123,1
294,295,3.8774064931804606,0.9883257378731503,-1
295,294,3.8774064931804606,0.9883257378731503,1
295,296,3.84322192382693,0.9992116881437536,-1
296,295,3.84322192382693,0.9992116881437536,1
296,297,3.864099407129835,0.9951323219817164,-1
297,296,3.864099407129835,0.9951323219817164,1
297,298,3.8413709102672753,0.993665040311661,-1
298,297,3.8413709102672753,0.993665040311661,1
298,299,3.8510294272687835,0.9975666111149586,-1
299,298,3.8510294272687835,0.9975666111149586,1
299,300,3.821830337060668,0.9979210961265467,-1
300,299,3.821830337060668,0.9979210961265467,1
300,301,3.822186243531366,0.9961679267122808,-1
301,300,3.822186243531366,0.9961679267122808,1
301,302,3.807795075985687,0.9990956594161019,-1
302,301,3.807795075985687,0.9990956594161019,1
302,303,3.8248589305800094,0.9979109532115878,-1
303,302,3.8248589305800094,0.9979109532115878,1
303,304,3.818521074206525,0.9982830830198839,-1
304,303,3.818521074206525,0.9982830830198839,1
304,305,3.852429043197933,0.9996269716062967,-1
305,304,3.852429043197933,0.9996269716062967,1
305,306,3.8365471075924766,0.9983115877341132,-1
306,305,3.8365471075924766,0.9983115877341132,1
306,307,3.829299918618366,0.9994097259259447,-1
307,306,3.829299918618366,0.9994097259259447,1
307,308,3.8248380748112383,0.9993055575724753,-1
308,307,3.8248380748112383,0.9993055575724753,1
308,309,3.7301894397809416,0.9998616122217298,-1
309,308,3.7301894397809416,0.9998616122217298,1
309,310,3.627080642131922,0.9993690224741051,-1
310,309,3.627080642131922,0.9993690224741051,1
310,311,3.831254974612641,0.9992814018609087,-1
311,310,3.831254974612641,0.9992814018609087,1
311,312,3.4218080612496604,0.9993097052876966,-1
312,311,3.4218080612496604,0.9993097052876966,1
312,313,3.9322592739345934,0.9989794260160247,-1
313,312,3.9322592739345934,0.9989794260160247,1
313,314,3.2426818769265155,0.9992193729583088,-1
314,313,3.2426818769265155,0.9992193729583088,1
314,315,3.8273081183676707,0.9988274456424381,-1
315,314,3.8273081183676707,0.9988274456424381,1
315,316,3.5991309559844114,0.9991593047832393,-1
316,315,3.5991309559844114,0.9991593047832393,1
316,317,3.8323318660692522,0.9988689270373817,-1
317,316,3.8323318660692522,0.9988689270373817,1
317,318,3.412504823837174,0.9990829885960159,-1
318,317,3.412504823837174,0.9990829885960159,1
318,319,3.435819552158919,0.9990668130716385,-1
319,318,3.435819552158919,0.9990668130716385,1
319,320,3.9532774548032528,0.9988133716841122,-1
320,319,3.9532774548032528,0.9988133716841122,1
320,321,3.887774138897034,0.9988047863210058,-1
321,320,3.887774138897034,0.9988047863210058,1
321,322,3.528029657532356,0.9991717951330819,-1
322,321,3.528029657532356,0.9991717951330819,1
322,323,3.2619851022661805,0.9991473867271908,-1
323,322,3.2619851022661805,0.9991473867271908,1
323,324,3.951336896693183,0.9987626965703332,-1
324,323,3.951336896693183,0.9987626965703332,1
324,325,3.4179731079049467,0.9991532557935876,-1
325,324,3.4179731079049467,0.9991532557935876,1
325,326,3.3933381302318577,0.9993741883978925,-1
326,325,3.3933381302318577,0.9993741883978925,1
326,327,3.967947046582775,0.9993124847718905,-1
327,326,3.967947046582775,0.9993124847718905,1
327,328,3.4203015229203393,0.9992594798259262,-1
328,327,3.4203015229203393,0.9992594798259262,1
328,329,3.796731224163286,0.9991567370331792,-1
329,328,3.796731224163286,0.9991567370331792,1
329,330,3.7857538431416096,0.9992546869401779,-1
330,329,3.7857538431416096,0.9992546869401779,1
330,331,3.5487903259202898,0.9988685846840543,-1
331,330,3.5487903259202898,0.9988685846840543,1
331,332,3.8637443536388285,0.9996070061863943,-1
332,331,3.8637443536388285,0.9996070061863943,1
332,333,3.2857507972956035,0.9989148248593679,-1
333,332,3.2857507972956035,0.9989148248593679,1
333,334,3.904650164895501,0.9983250493268986,-1
334,333,3.904650164895501,0.9983250493268986,1
334,335,3.842500429747909,0.9983474392820474,-1
335,334,3.842500429747909,0.9983474392820474,1
335,336,3.8152673574220657,0.9969807162405244,-1
336,335,3.8152673574220657,0.9969807162405244,1
336,337,3.8339652486353493,0.9984668432688855,-1
337,336,3.8339652486353493,0.9984668432688855,1
337,338,3.8982298982252064,0.9966272504266197,-1
338,337,3.8982298982252064,0.9966272504266197,1
338,339,3.8470184413190007,0.9977936997723569,-1
339,338,3.8470184413190007,0.9977936997723569,1
339,340,3.8332957338081326,0.9969549038319808,-1
340,339,3.8332957338081326,0.9969549038319808,1
340,341,3.7516999168285485,0.9983577125629015,-1
341,340,3.7516999168285485,0.9983577125629015,1
341,342,3.836595541147871,0.9971846492918864,-1
342,341,3.836595541147871,0.9971846492918864,1
342,343,3.7583454024330494,0.9985093246623311,-1
343,342,3.7583454024330494,0.9985093246623311,1
343,344,3.6825999590639173,0.9976769562941391,-1
344,343,3.6825999590639173,0.9976769562941391,1
344,345,3.8146520789519838,0.9976044912440823,-1
345,344,3.8146520789519838,0.9976044912440823,1
345,346,3.4767003586384773,0.9979536268007302,-1
346,345,3.4767003586384773,0.9979536268007302,1
346,347,3.8560791211040693,0.9978016315477661,-1
347,346,3.8560791211040693,0.9978016315477661,1
347,348,3.843523501911005,0.997273436119312,-1
348,347,3.843523501911005,0.997273436119312,1
348,349,3.836841968069442,0.9973347191674669,-1
349,348,3.836841968069442,0.9973347191674669,1
349,350,3.8070631464588014,0.9973476591631251,-1
350,349,3.8070631464588014,0.9973476591631251,1
350,351,3.7801006634545304,0.9981509628359703,-1
351,350,3.7801006634545304,0.9981509628359703,1
351,352,3.8778875049107446,0.9973369111186279,-1
352,351,3.8778875049107446,0.9973369111186279,1
352,353,3.753500443797824,0.9982058313376012,-1
353,352,3.753500443797824,0.9982058313376012,1
353,354,3.855314688173809,0.9975124456200218,-1
354,353,3.855314688173809,0.9975124456200218,1
354,355,3.7160353688917755,0.9977743047701149,-1
355,354,3.7160353688917755,0.9977743047701149,1
355,356,3.759793961045847,0.9975973834633005,-1
356,355,3.759793961045847,0.9975973834633005,1
356,357,3.6979553463472574,0.9976544963742879,-1
357,356,3.6979553463472574,0.9976544963742879,1
357,358,3.8746185777858932,0.9976898594514686,-1
358,357,3.8746185777858932,0.9976898594514686,1
358,359,3.8907750353479775,0.9972569098373125,-1
359,358,3.8907750353479775,0.9972569098373125,1
359,360,3.2733552168603954,0.9983821247514113,-1
360,359,3.2733552168603954,0.9983821247514113,1
360,361,3.941303378934533,0.9977180791660345,-1
361,360,3.941303378934533,0.9977180791660345,1
361,362,3.7624334212458566,0.9970960590124129,-1
362,361,3.7624334212458566,0.9970960590124129,1
362,363,3.862977465985276,0.9974013199951527,-1
363,362,3.862977465985276,0.9974013199951527,1
363,364,3.7899196602321377,0.9973072215293113,-1
364,363,3.7899196602321377,0.9973072215293113,1
364,365,3.4007766375967403,0.9977947556403771,-1
365,364,3.4007766375967403,0.9977947556403771,1
365,366,3.80433616402689,0.9972331412119434,-1
366,365,3.80433616402689,0.9972331412119434,1
366,367,3.736980587010176,0.9974194988845265,-1
367,366,3.736980587010176,0.9974194988845265,1
367,368,3.916486898100879,0.9971914369929844,-1
368,367,3.916486898100879,0.9971914369929844,1
368,369,3.8742566212226044,0.9970459648433166,-1
369,368,3.8742566212226044,0.9970459648433166,1
369,370,3.7372613195412714,0.9985624337310935,-1
370,369,3.7372613195412714,0.9985624337310935,1
370,371,3.84124589839591,0.9973596688931484,-1
371,370,3.84124589839591,0.9973596688931484,1
371,372,3.819106543006786,0.9984367993815287,-1
372,371,3.819106543006786,0.9984367993815287,1
372,373,3.838145169601931,0.9975436579445217,-1
373,372,3.838145169601931,0.9975436579445217,1
373,374,3.8524820521174523,0.9976483128860812,-1
374,373,3.8524820521174523,0.9976483128860812,1
374,375,3.8683407857067325,0.997570352370583,-1
375,374,3.8683407857067325,0.997570352370583,1
375,376,3.8152289719890646,0.9978265155781345,-1
376,375,3.8152289719890646,0.9978265155781345,1
376,377,3.884397550789876,0.9976741499076796,-1
377,376,3.884397550789876,0.9976741499076796,1
377,378,3.863916382380554,0.9976265483512454,-1
378,377,3.863916382380554,0.9976265483512454,1
378,379,3.6932957456602833,0.9978888138221237,-1
379,378,3.6932957456602833,0.9978888138221237,1
379,380,3.4809266813558217,0.9981638237857872,-1
380,379,3.4809266813558217,0.9981638237857872,1
380,381,3.2940202063068473,0.998247163847416,-1
381,380,3.2940202063068473,0.998247163847416,1
381,382,3.8823686717648873,0.9980819289518467,-1
382,381,3.8823686717648873,0.9980819289518467,1
382,383,3.5416247802088456,0.9978530990766672,-1
383,382,3.5416247802088456,0.9978530990766672,1
383,384,3.8493297785133915,0.9977476777627543,-1
384,383,3.8493297785133915,0.9977476777627543,1
384,385,3.8366927050219886,0.9971305063494228,-1
385,384,3.8366927050219886,0.9971305063494228,1
385,386,3.158551514837379,0.9983771173724026,-1
386,385,3.158551514837379,0.9983771173724026,1
386,387,3.838059062994442,0.9969643743098909,-1
387,386,3.838059062994442,0.9969643743098909,1
387,388,3.836119291165796,0.9978990991920519,-1
388,387,3.836119291165796,0.9978990991920519,1
388,389,3.855926168470441,0.9972335136080472,-1
389,388,3.855926168470441,0.9972335136080472,1
389,390,3.8375024249568273,0.9964416630442168,-1
390,389,3.8375024249568273,0.9964416630442168,1
390,391,3.815111151228696,0.9986422354468386,-1
391,390,3.815111151228696,0.9986422354468386,1
391,392,3.820598907725797,0.995591414153031,-1
392,391,3.820598907725797,0.995591414153031,1
392,393,3.8101723429769976,0.9967020517198449,-1
393,392,3.8101723429769976,0.9967020517198449,1
393,394,3.8672192005733743,0.9953332241887254,-1
394,393,3.8672192005733743,0.9953332241887254,1
394,395,3.8480615120456014,0.9990748435973578,-1
395,394,3.8480615120456014,0.9990748435973578,1
395,396,3.8205310795467615,0.9941616357806742,-1
396,395,3.8205310795467615,0.9941616357806742,1
396,397,3.8614370086287315,0.9978785759916647,-1
397,396,3.8614370086287315,0.9978785759916647,1
397,398,3.862457245762434,0.9933557595615465,-1
398,397,3.862457245762434,0.9933557595615465,1
398,399,3.837216142099857,0.9973861903507988,-1
399,398,3.837216142099857,0.9973861903507988,1
399,400,3.844169428847753,0.9946983601907268,-1
400,399,3.844169428847753,0.9946983601907268,1
400,401,3.8756349291719694,0.9949751555854516,-1
401,400,3.8756349291719694,0.9949751555854516,1
401,402,3.865827644875603,0.9997380883272925,-1
402,401,3.865827644875603,0.9997380883272925,1
402,403,3.8125139626530338,0.9973574975206898,-1
403,402,3.8125139626530338,0.9973574975206898,1
403,404,3.728352352943805,0.9971238955439091,-1
404,403,3.728352352943805,0.9971238955439091,1
404,405,3.861059749165796,0.9969389153458373,-1
405,404,3.861059749165796,0.9969389153458373,1
405,406,3.5320038958105973,0.9971254626490934,-1
406,405,3.5320038958105973,0.9971254626490934,1
406,407,3.265591769105712,0.9975431861044013,-1
407,406,3.265591769105712,0.9975431861044013,1
407,408,3.9390451875465655,0.9964336371991247,-1
408,407,3.9390451875465655,0.9964336371991247,1
408,409,3.8980882102740178,0.9983229563747517,-1
409,408,3.8980882102740178,0.9983229563747517,1
409,410,3.937419752744718,0.9960533328525262,-1
410,409,3.937419752744718,0.9960533328525262,1
410,411,3.754729145482105,0.9970734067562147,-1
411,410,3.754729145482105,0.9970734067562147,1
411,412,3.8556623097844316,0.9958186525984288,-1
412,411,3.8556623097844316,0.9958186525984288,1
412,413,3.7975791276792514,0.9972642969027191,-1
413,412,3.7975791276792514,0.9972642969027191,1
413,414,3.8482701741709286,0.9955882055109807,-1
414,413,3.8482701741709286,0.9955882055109807,1
414,415,3.8461819114428084,0.9966026566342938,-1
415,414,3.8461819114428084,0.9966026566342938,1
415,416,3.8606227645545337,0.995571287636788,-1
416,415,3.8606227645545337,0.995571287636788,1
416,417,3.8458253906662234,0.9961998752524233,-1
417,416,3.8458253906662234,0.9961998752524233,1
417,418,3.8968850932000096,0.997761332995589,-1
418,417,3.8968850932000096,0.997761332995589,1
418,419,3.879873658504269,0.9943186358355838,-1
419,418,3.879873658504269,0.9943186358355838,1
419,420,3.8703403375756995,0.9991334199223725,-1
420,419,3.8703403375756995,0.9991334199223725,1
420,421,3.8791211978598876,0.9954872686891624,-1
421,420,3.8791211978598876,0.9954872686891624,1
421,422,3.8716738362712078,0.9949411094169547,-1
422,421,3.8716738362712078,0.9949411094169547,1
422,423,3.8603670165882846,0.9990224820504805,-1
423,422,3.8603670165882846,0.9990224820504805,1
423,424,3.8041843356888965,0.9985205339826356,-1
424,423,3.8041843356888965,0.9985205339826356,1
424,425,3.7605952820081847,0.9968838201970391,-1
425,424,3.7605952820081847,0.9968838201970391,1
425,426,3.845429875783614,0.9973093478765421,-1
426,425,3.845429875783614,0.9973093478765421,1
426,427,3.8548196433400226,0.9986321569007567,-1
427,426,3.8548196433400226,0.9986321569007567,1
427,428,3.8291511005860444,0.9986490223065626,-1
428,427,3.8291511005860444,0.9986490223065626,1
428,429,3.8343010775078126,0.9980550785324126,-1
429,428,3.8343010775078126,0.9980550785324126,1
429,430,3.8354641995912946,0.9991624211313684,-1
430,429,3.8354641995912946,0.9991624211313684,1
430,431,3.838939146919318,0.9981443144032891,-1
431,430,3.838939146919318,0.9981443144032891,1
431,432,3.7970646862190787,0.9986411763591835,-1
432,431,3.7970646862190787,0.9986411763591835,1
432,433,3.898853814125139,0.9980432101928178,-1
433,432,3.898853814125139,0.9980432101928178,1
433,434,3.3845643583519247,0.9985028708269229,-1
434,433,3.3845643583519247,0.9985028708269229,1
434,435,3.668050513649843,0.9982987442636837,-1
435,434,3.668050513649843,0.9982987442636837,1
435,436,3.8483829144858195,0.9980234642634189,-1
436,435,3.8483829144858195,0.9980234642634189,1
436,437,3.8210170224332303,0.9986851215122221,-1
437,436,3.8210170224332303,0.9986851215122221,1
437,438,3.8648253765619343,0.9982032854533043,-1
438,437,3.8648253765619343,0.9982032854533043,1
438,439,3.8200058345413717,0.9979757758220227,-1
439,438,3.8200058345413717,0.9979757758220227,1
439,440,3.699180568144181,0.998120446829517,-1
440,439,3.699180568144181,0.998120446829517,1
440,441,3.833599596402976,0.9986340676007878,-1
441,440,3.833599596402976,0.9986340676007878,1
441,442,3.804048478882163,0.9980619745970108,-1
442,441,3.804048478882163,0.9980619745970108,1
442,443,3.849233265271194,0.9984004770587986,-1
443,442,3.849233265271194,0.9984004770587986,1
443,444,3.8776811991184617,0.9985087083139553,-1
444,443,3.8776811991184617,0.9985087083139553,1
444,445,3.8669110967277494,0.9984745897157163,-1
445,444,3.8669110967277494,0.9984745897157163,1
445,446,3.183849770242513,0.9988535540403799,-1
446,445,3.183849770242513,0.9988535540403799,1
446,447,3.886543528251501,0.9982923436915605,-1
447,446,3.886543528251501,0.9982923436915605,1
447,448,3.6361652397174797,0.9987396676967293,-1
448,447,3.6361652397174797,0.9987396676967293,1
448,449,3.8691635183780018,0.9983399983115427,-1
449,448,3.8691635183780018,0.9983399983115427,1
449,450,3.8296325525501445,0.9983769076377444,-1
450,449,3.8296325525501445,0.9983769076377444,1
450,451,3.873283726519084,0.998351066307702,-1
451,450,3.873283726519084,0.998351066307702,1
451,452,3.9011541787446506,0.9983791331398832,-1
452,451,3.9011541787446506,0.9983791331398832,1
452,453,3.2495208077565363,0.998937457025253,-1
453,452,3.2495208077565363,0.998937457025253,1
453,454,3.920940932475907,0.9982625301995691,-1
454,453,3.920940932475907,0.9982625301995691,1
454,455,3.8916254427389134,0.9985508301158299,-1
455,454,3.8916254427389134,0.9985508301158299,1
455,456,3.9026837573010096,0.9988090261345494,-1
456,455,3.9026837573010096,0.9988090261345494,1
456,457,3.8504427366622034,0.9984139825089825,-1
457,456,3.8504427366622034,0.9984139825089825,1
457,458,3.80545921419965,0.9985466231373857,-1
458,457,3.80545921419965,0.9985466231373857,1
458,459,3.747982690826458,0.998717913474633,-1
459,458,3.747982690826458,0.998717913474633,1
459,460,3.453985242661154,0.9987984990377036,-1
460,459,3.453985242661154,0.9987984990377036,1
460,461,3.884699076074932,0.9985217379863116,-1
461,460,3.884699076074932,0.9985217379863116,1
461,462,3.3265085667133767,0.9988961364237466,-1
462,461,3.3265085667133767,0.9988961364237466,1
462,463,3.825635920648655,0.9985509599695558,-1
463,462,3.825635920648655,0.9985509599695558,1
463,464,3.781061830236928,0.9986103788291169,-1
464,463,3.781061830236928,0.9986103788291169,1
464,465,3.913475148728709,0.9985086563693695,-1
465,464,3.913475148728709,0.9985086563693695,1
465,466,3.777976005745696,0.9990216287085507,-1
466,465,3.777976005745696,0.9990216287085507,1
466,467,3.7682834427514447,0.9990335253687707,-1
467,466,3.7682834427514447,0.9990335253687707,1
467,468,3.8837562533598513,0.9986776722240214,-1
468,467,3.8837562533598513,0.9986776722240214,1
468,469,3.852391479159386,0.9990842603462774,-1
469,468,3.852391479159386,0.9990842603462774,1
469,470,3.846141934628348,0.9987821826459193,-1
470,469,3.846141934628348,0.9987821826459193,1
470,471,3.3539655439131173,0.9990753721105002,-1
471,470,3.3539655439131173,0.9990753721105002,1
471,472,3.9351309281083764,0.9987088271448193,-1
472,471,3.9351309281083764,0.9987088271448193,1
472,473,3.9043099333611346,0.9988864473804643,-1
473,472,3.9043099333611346,0.9988864473804643,1
473,474,3.4229475080349294,0.9989860922071054,-1
474,473,3.4229475080349294,0.9989860922071054,1
474,475,3.900375052798498,0.9987012564612815,-1
475,474,3.900375052798498,0.9987012564612815,1
475,476,3.923337367588195,0.9989868503632526,-1
476,475,3.923337367588195,0.9989868503632526,1
476,477,3.432653890455261,0.9991601197626392,-1
477,476,3.432653890455261,0.9991601197626392,1
477,478,3.9146278901526967,0.9985891767693318,-1
478,477,3.9146278901526967,0.9985891767693318,1
478,479,3.8628076030152316,0.9993605949090998,-1
479,478,3.8628076030152316,0.9993605949090998,1
479,480,3.8684917919685224,0.9986828546201759,-1
480,479,3.8684917919685224,0.9986828546201759,1
480,481,3.843521521021605,0.9984472650794115,-1
481,480,3.843521521021605,0.9984472650794115,1
481,482,3.5367179736882424,0.9989170966080997,-1
482,481,3.5367179736882424,0.9989170966080997,1
482,483,3.8825647180277,0.9982191622498447,-1
483,482,3.8825647180277,0.9982191622498447,1
483,484,3.8518676537583345,0.9982958384978987,-1
484,483,3.8518676537583345,0.9982958384978987,1
484,485,3.8666411040786697,0.9987627279498932,-1
485,484,3.8666411040786697,0.9987627279498932,1
485,486,3.906012343114559,0.9980931896545034,-1
486,485,3.906012343114559,0.9980931896545034,1
486,487,3.8644834041331313,0.9978787838364056,-1
487,486,3.8644834041331313,0.9978787838364056,1
487,488,3.8605958401541276,0.9983102284632746,-1
488,487,3.8605958401541276,0.9983102284632746,1
488,489,3.869384294210861,0.9981391398118744,-1
489,488,3.869384294210861,0.9981391398118744,1
489,490,3.7573559926230877,0.9981585015323304,-1
490,489,3.7573559926230877,0.9981585015323304,1
490,491,3.8701882089721846,0.9981003243702494,-1
491,490,3.8701882089721846,0.9981003243702494,1
491,492,3.836326061759284,0.9983441372788883,-1
492,491,3.836326061759284,0.9983441372788883,1
492,493,3.8250095819892493,0.9980893974391153,-1
493,492,3.8250095819892493,0.9980893974391153,1
493,494,3.5794700864681412,0.9982975406978614,-1
494,493,3.5794700864681412,0.9982975406978614,1
494,495,3.8562390791117327,0.9982758084205426,-1
495,494,3.8562390791117327,0.9982758084205426,1
495,496,3.6696121558624704,0.998273184705132,-1
496,495,3.6696121558624704,0.998273184705132,1
496,497,3.7514359959909434,0.998500276843486,-1
497,496,3.7514359959909434,0.998500276843486,1
497,498,3.8989661734589838,0.9981720819070118,-1
498,497,3.8989661734589838,0.9981720819070118,1
498,499,3.1761777863819205,0.9989022535457927,-1
499,498,3.1761777863819205,0.9989022535457927,1
499,500,3.894041078778978,0.9980549467787301,-1
500,499,3.894041078778978,0.9980549467787301,1
500,501,3.861553269607766,0.9987743102162504,-1
501,500,3.861553269607766,0.9987743102162504,1
501,502,3.8933479904711197,0.9980332458141409,-1
502,501,3.8933479904711197,0.9980332458141409,1
502,503,3.140052310440432,0.9986329737465508,-1
503,502,3.140052310440432,0.9986329737465508,1
503,504,3.8688236102639877,0.9978869864290045,-1
504,503,3.8688236102639877,0.9978869864290045,1
504,505,3.6924150793314894,0.9982840631338696,-1
505,504,3.6924150793314894,0.9982840631338696,1
505,506,3.8694336085917422,0.9979437643016079,-1
506,505,3.8694336085917422,0.9979437643016079,1
506,507,3.7847258362800797,0.9984393998869088,-1
507,506,3.7847258362800797,0.9984393998869088,1
507,508,3.8425845685346367,0.9980044797710936,-1
508,507,3.8425845685346367,0.9980044797710936,1
508,509,3.5103570288748682,0.9983266693890881,-1
509,508,3.5103570288748682,0.9983266693890881,1
509,510,3.882271809797906,0.9979603226910825,-1
510,509,3.882271809797906,0.9979603226910825,1
510,511,3.8675640113078336,0.9979791650397519,-1
511,510,3.8675640113078336,0.9979791650397519,1
511,512,3.853424122603084,0.9980131519923492,-1
512,511,3.853424122603084,0.9980131519923492,1
512,513,3.7035407740659054,0.9983318194120773,-1
513,512,3.7035407740659054,0.9983318194120773,1
513,514,3.8484920956463258,0.9980884725037291,-1
514,513,3.8484920956463258,0.9980884725037291,1
514,515,3.8640860423118677,0.9982808248416759,-1
515,514,3.8640860423118677,0.9982808248416759,1
515,516,3.850656854134067,0.9977364354349566,-1
516,515,3.850656854134067,0.9977364354349566,1
516,517,3.8775260578713215,0.9983057792553557,-1
517,516,3.8775260578713215,0.9983057792553557,1
517,518,3.359877222088944,0.9985714855061002,-1
518,517,3.359877222088944,0.9985714855061002,1
518,519,3.8572218448534654,0.998162095034674,-1
519,518,3.8572218448534654,0.998162095034674,1
519,520,3.9288877745049,0.9972112928984908,-1
520,519,3.9288877745049,0.9972112928984908,1
520,521,3.8880042297241597,0.9973221888707765,-1
521,520,3.8880042297241597,0.9973221888707765,1
521,522,3.650344799076885,0.9984265673068232,-1
522,521,3.650344799076885,0.9984265673068232,1
522,523,3.4803226863953873,0.9968616512182156,-1
523,522,3.4803226863953873,0.9968616512182156,1
523,524,3.6445376349740624,0.9979855757988944,-1
524,523,3.6445376349740624,0.9979855757988944,1
524,525,3.850227763101814,0.9954396943244029,-1
525,524,3.850227763101814,0.9954396943244029,1
525,526,3.820922411512469,0.9963428654238718,-1
526,525,3.820922411512469,0.9963428654238718,1
526,527,3.845254248378055,0.9956475123057853,-1
527,526,3.845254248378055,0.9956475123057853,1
527,528,3.7233206647521406,0.9964965532625283,-1
528,527,3.7233206647521406,0.9964965532625283,1
528,529,3.820567545309509,0.9955812192629657,-1
529,528,3.820567545309509,0.9955812192629657,1
529,530,3.8359689763062743,0.9944649318934112,-1
530,529,3.8359689763062743,0.9944649318934112,1
530,531,3.882427815983778,0.9959561081011171,-1
531,530,3.882427815983778,0.9959561081011171,1
531,532,3.2005539817030826,0.998205188333363,-1
532,531,3.2005539817030826,0.998205188333363,1
532,533,3.8043769800376457,0.9935210823490639,-1
533,532,3.8043769800376457,0.9935210823490639,1
533,534,3.840948202982384,0.9941928975076686,-1
534,533,3.840948202982384,0.9941928975076686,1
534,535,3.8216179163460424,0.9977182622104492,-1
535,534,3.8216179163460424,0.9977182622104492,1
535,536,3.838231200509878,0.9945267387818567,-1
536,535,3.838231200509878,0.9945267387818567,1
536,537,3.8697246020896023,0.9993446540059899,-1
537,536,3.8697246020896023,0.9993446540059899,1
537,538,3.8764449484429795,0.9952985503423475,-1
538,537,3.8764449484429795,0.9952985503423475,1
538,539,3.861629701646427,0.9964977946777489,-1
539,538,3.861629701646427,0.9964977946777489,1
539,540,3.861613213323689,0.9945767659183508,-1
540,539,3.861613213323689,0.9945767659183508,1
540,541,3.8526310259621646,0.9996036563490157,-1
541,540,3.8526310259621646,0.9996036563490157,1
541,542,3.8720972724241074,0.9953133426764499,-1
542,541,3.8720972724241074,0.9953133426764499,1
542,543,3.870498722689055,0.9958974817605284,-1
543,542,3.870498722689055,0.9958974817605284,1
543,544,3.866579428847152,0.998151695652713,-1
544,543,3.866579428847152,0.998151695652713,1
544,545,3.885122261920274,0.9974883638806462,-1
545,544,3.885122261920274,0.9974883638806462,1
545,546,3.86910441238658,0.9961936443892491,-1
546,545,3.86910441238658,0.9961936443892491,1
546,547,3.768440612932819,0.9984046129745029,-1
547,546,3.768440612932819,0.9984046129745029,1
547,548,3.8467535591772,0.9964717037825824,-1
548,547,3.8467535591772,0.9964717037825824,1
548,549,3.813749011447026,0.9983348297113084,-1
549,548,3.813749011447026,0.9983348297113084,1
549,550,3.8487010376897492,0.9969957530980031,-1
550,549,3.8487010376897492,0.9969957530980031,1
550,551,3.8334356889585908,0.9986907250071199,-1
551,550,3.8334356889585908,0.9986907250071199,1
551,552,3.8335598855686324,0.9980410989463704,-1
552,551,3.8335598855686324,0.9980410989463704,1
552,553,3.8582284507462044,0.9973110439142621,-1
553,552,3.8582284507462044,0.9973110439142621,1
553,554,3.799593590151653,0.9996593189417743,-1
554,553,3.799593590151653,0.9996593189417743,1
554,555,3.768504887977996,0.998138310743815,-1
555,554,3.768504887977996,0.998138310743815,1
555,556,3.863788279141281,0.9996030211135525,-1
556,555,3.863788279141281,0.9996030211135525,1
556,557,3.867014367741492,0.9986011605370008,-1
557,556,3.867014367741492,0.9986011605370008,1
557,558,3.844646744137214,0.9984912930671503,-1
558,557,3.844646744137214,0.9984912930671503,1
558,559,3.7952181142949737,0.9991665372065381,-1
559,558,3.7952181142949737,0.9991665372065381,1
559,560,3.7577456901602924,0.9987266844642922,-1
560,559,3.7577456901602924,0.9987266844642922,1
560,561,3.6285084259350056,0.998699148288467,-1
561,560,3.6285084259350056,0.998699148288467,1
561,562,3.675928458553353,0.9986098053585176,-1
562,561,3.675928458553353,0.9986098053585176,1
562,563,3.860766535795146,0.9984673300555286,-1
563,562,3.860766535795146,0.9984673300555286,1
563,564,3.8367263313767417,0.9986981112482863,-1
564,563,3.8367263313767417,0.9986981112482863,1
564,565,3.8411658687506267,0.9983992929704996,-1
565,564,3.8411658687506267,0.9983992929704996,1
565,566,3.8679306436985614,0.9991775608173902,-1
566,565,3.8679306436985614,0.9991775608173902,1
566,567,3.839425355460646,0.9985166714476316,-1
567,566,3.839425355460646,0.9985166714476316,1
567,568,3.7942031288579754,0.9991660860285677,-1
568,567,3.7942031288579754,0.9991660860285677,1
568,569,3.79313837744105,0.9993837502149303,-1
569,568,3.79313837744105,0.9993837502149303,1
569,570,3.7961884650015763,0.9994840382662609,-1
570,569,3.7961884650015763,0.9994840382662609,1
570,571,3.8903903031351175,0.9984357564418712,-1
571,570,3.8903903031351175,0.9984357564418712,1
571,572,3.8309106151431895,0.9997532546557991,-1
572,571,3.8309106151431895,0.9997532546557991,1
572,573,3.835652124803991,0.997974152975875,-1
573,572,3.835652124803991,0.997974152975875,1
573,574,3.8364357138271914,0.9981733853840417,-1
574,573,3.8364357138271914,0.9981733853840417,1
574,575,3.871720261721294,0.9972711308010502,-1
575,574,3.871720261721294,0.9972711308010502,1
575,576,3.8294002055345073,0.9957002147747187,-1
576,575,3.8294002055345073,0.9957002147747187,1
577,578,3.8235284646454444,0.9961273609298157,-1
578,577,3.8235284646454444,0.9961273609298157,1
578,579,3.863767120894152,0.9989942881178389,-1
579,578,3.863767120894152,0.9989942881178389,1
579,580,3.849288792417405,0.9966258431560088,-1
580,579,3.849288792417405,0.9966258431560088,1
580,581,3.8527823870009335,0.9988230009118331,-1
581,580,3.8527823870009335,0.9988230009118331,1
581,582,3.8664309153447567,0.9971259993213158,-1
582,581,3.8664309153447567,0.9971259993213158,1
582,583,3.8974280822192666,0.997327752358516,-1
583,582,3.8974280822192666,0.997327752358516,1
583,584,3.88838633365135,0.9986192207041823,-1
584,583,3.88838633365135,0.9986192207041823,1
584,585,3.8623092160214605,0.9981351338041887,-1
585,584,3.8623092160214605,0.9981351338041887,1
585,586,3.806338678791688,0.9957162167394901,-1
586,585,3.806338678791688,0.9957162167394901,1
586,587,3.8446430796080846,0.9999111739852614,-1
587,586,3.8446430796080846,0.9999111739852614,1
587,588,3.860596852042826,0.9949070517535714,-1
588,587,3.860596852042826,0.9949070517535714,1
588,589,3.857388347788261,0.9959713501051779,-1
589,588,3.857388347788261,0.9959713501051779,1
589,590,3.87807108891013,0.9984631042824854,-1
590,589,3.87807108891013,0.9984631042824854,1
590,591,3.8525016324103367,0.9956678208838051,-1
590,618,4.786986455359262,0.9960471043367455,-28
591,590,3.8525016324103367,0.9956678208838051,1
591,592,3.8376403011361337,0.9937555854325351,-1
591,619,4.536917441046324,0.9967870432354743,-28
592,591,3.8376403011361337,0.9937555854325351,1
592,593,3.846251529879521,0.994906162220238,-1
593,592,3.846251529879521,0.994906162220238,1
593,594,3.843788310505838,0.9927563468324309,-1
593,620,4.846307788550581,0.992905616935219,-27
594,593,3.843788310505838,0.9927563468324309,1
594,595,3.843799307946151,0.9957208815676114,-1
595,594,3.843799307946151,0.9957208815676114,1
595,596,3.8432038073648886,0.993715646396218,-1
596,595,3.8432038073648886,0.993715646396218,1
596,597,3.8361448892970613,0.9968509232431596,-1
597,596,3.8361448892970613,0.9968509232431596,1
597,598,3.863140513476612,0.9961814265012147,-1
598,597,3.863140513476612,0.9961814265012147,1
598,599,3.8408938006079096,0.9968741930220688,-1
599,598,3.8408938006079096,0.9968741930220688,1
599,600,3.830900567997655,0.9927172031334163,-1
600,599,3.830900567997655,0.9927172031334163,1
600,601,3.8213759499549855,0.994853186329083,-1
601,600,3.8213759499549855,0.994853186329083,1
601,602,3.8455116475621294,0.9965621984936008,-1
602,601,3.8455116475621294,0.9965621984936008,1
602,603,3.8709730248543384,0.9945028128062131,-1
603,602,3.8709730248543384,0.9945028128062131,1
603,604,3.839414384031749,0.9971016818477626,-1
604,603,3.839414384031749,0.9971016818477626,1
604,605,3.8495586091731906,0.9931368948284733,-1
605,604,3.8495586091731906,0.9931368948284733,1
605,606,3.8429361399482818,0.998785615181877,-1
606,605,3.8429361399482818,0.998785615181877,1
606,607,3.8440384793475877,0.991293853976341,-1
607,606,3.8440384793475877,0.991293853976341,1
607,608,3.858842109649003,0.999323896199241,-1
608,607,3.858842109649003,0.999323896199241,1
608,609,3.8599163882277665,0.9930953304234459,-1
609,608,3.8599163882277665,0.9930953304234459,1
609,610,3.8361722638392703,0.9966898281527392,-1
610,609,3.8361722638392703,0.9966898281527392,1
610,611,3.841419583439308,0.993962532212206,-1
610,613,4.873002364809595,0.9923236430485614,-3
611,610,3.841419583439308,0.993962532212206,1
611,612,3.853536598557775,0.9975005446387798,-1
612,611,3.853536598557775,0.9975005446387798,1
612,613,3.8456420936627542,0.9951261079257283,-1
613,610,4.873002364809595,0.9923236430485614,3
613,612,3.8456420936627542,0.9951261079257283,1
613,614,3.839753122082945,0.9946059405721754,-1
614,613,3.839753122082945,0.9946059405721754,1
614,615,3.8757054943953673,0.9967511273681756,-1
614,708,4.285731994235411,0.9935927437812094,-94
615,614,3.8757054943953673,0.9967511273681756,1
615,616,3.876393618369036,0.9943559599059928,-1
615,708,4.90856830138237,0.9892296971184439,-93
616,615,3.876393618369036,0.9943559599059928,1
616,617,3.8383592948373173,0.996043450013715,-1
616,710,4.7495902261716445,0.9913391831885544,-94
616,711,4.859012730729779,0.989284424245419,-95
617,616,3.8383592948373173,0.996043450013715,1
617,618,3.8423879182570873,0.9945981557590629,-1
618,590,4.786986455359262,0.9960471043367455,28
618,617,3.8423879182570873,0.9945981557590629,1
618,619,3.828769619418797,0.9947638627952038,-1
618,714,4.468656912966687,0.9971723216034248,-96
619,591,4.536917441046324,0.9967870432354743,28
619,618,3.828769619418797,0.9947638627952038,1
619,620,3.8297105843979824,0.9939864225093799,-1
619,715,4.894733881891459,0.99339883022425,-96
620,593,4.846307788550581,0.992905616935219,27
620,619,3.8297105843979824,0.9939864225093799,1
620,621,3.8304353421611026,0.9913303937208183,-1
620,716,4.727909423736693,0.9949487478582091,-96
621,620,3.8304353421611026,0.9913303937208183,1
621,622,3.8049611729379245,0.9949128425122336,-1
621,717,4.7276970395635445,0.9911385870855172,-96
622,621,3.8049611729379245,0.9949128425122336,1
622,623,3.826305677276974,0.9890849434509672,-1
623,622,3.826305677276974,0.9890849434509672,1
623,624,3.874306200375912,0.9953162262562287,-1
623,753,4.113319824944776,0.9932075784319335,-130
623,754,4.794679419343902,0.9829201237763564,-131
624,623,3.874306200375912,0.9953162262562287,1
624,625,3.84915730442997,0.9925043225015966,-1
624,753,4.07054374942602,0.9837197149514907,-129
625,624,3.84915730442997,0.9925043225015966,1
625,626,3.820725690344133,0.9882868856974675,-1
626,625,3.820725690344133,0.9882868856974675,1
626,627,3.8574944374931253,0.9957531255141099,-1
627,626,3.8574944374931253,0.9957531255141099,1
627,628,3.8542716012055145,0.9915705951616354,-1
628,627,3.8542716012055145,0.9915705951616354,1
628,629,3.8197891586137507,0.9957825723621656,-1
629,628,3.8197891586137507,0.9957825723621656,1
629,630,3.851173923265764,0.9924960557047522,-1
630,629,3.851173923265764,0.9924960557047522,1
630,631,3.8557827541798657,0.9928401220037347,-1
631,630,3.8557827541798657,0.9928401220037347,1
631,632,3.844749900665728,0.9946662693935423,-1
632,631,3.844749900665728,0.9946662693935423,1
632,633,3.836288557970864,0.9890663566231079,-1
633,632,3.836288557970864,0.9890663566231079,1
633,634,3.8512071944580275,0.9991445949796955,-1
634,633,3.8512071944580275,0.9991445949796955,1
634,635,3.843345961478341,0.990744951639615,-1
634,637,4.977408496920356,0.9834107451569857,-3
635,634,3.843345961478341,0.990744951639615,1
635,636,3.8503209369031146,0.995237202660989,-1
636,635,3.8503209369031146,0.995237202660989,1
636,637,3.8625445829891953,0.9905789334592258,-1
637,634,4.977408496920356,0.9834107451569857,3
637,636,3.8625445829891953,0.9905789334592258,1
637,638,3.8575445317980592,0.9983397662514137,-1
637,642,4.75111911992743,0.9946905088339926,-5
638,637,3.8575445317980592,0.9983397662514137,1
638,639,3.8600219068846107,0.9922381026250664,-1
639,638,3.8600219068846107,0.9922381026250664,1
639,640,3.8672484989251994,0.9922986797910475,-1
640,639,3.8672484989251994,0.9922986797910475,1
640,641,3.8699164355262976,0.9980930186834769,-1
641,640,3.8699164355262976,0.9980930186834769,1
641,642,3.8390746679773304,0.9879775756572905,-1
642,637,4.75111911992743,0.9946905088339926,5
642,641,3.8390746679773304,0.9879775756572905,1
642,643,3.81161892796694,0.9888107134950191,-1
642,654,4.955785364013859,0.9883597188972861,-12
643,642,3.81161892796694,0.9888107134950191,1
643,644,3.8174135447287445,0.9878313517379339,-1
644,643,3.8174135447287445,0.9878313517379339,1
644,645,3.822223002139799,0.9881484523313854,-1
644,652,4.661672132375179,0.9995854273135882,-8
645,644,3.822223002139799,0.9881484523313854,1
645,646,3.861461584079696,0.9967433187863542,-1
645,942,4.932715190169808,0.9874683487358332,-297
646,645,3.861461584079696,0.9967433187863542,1
646,647,3.8790648966369123,0.9897283663009686,-1
646,942,4.9938169769203835,0.982617435804208,-296
647,646,3.8790648966369123,0.9897283663009686,1
647,648,3.8495274155330916,0.9933863136235537,-1
648,647,3.8495274155330916,0.9933863136235537,1
648,649,3.8355967873793277,0.9868455820276172,-1
649,648,3.8355967873793277,0.9868455820276172,1
649,650,3.8562751628062357,0.98721072294769,-1
649,929,4.56533796675927,0.996171997690383,-280
650,649,3.8562751628062357,0.98721072294769,1
650,651,3.8548364818819203,0.990635246913635,-1
650,930,4.852682391146662,0.9924122313446251,-280
651,650,3.8548364818819203,0.990635246913635,1
651,652,3.8062973925923,0.9820085959441084,-1
651,931,4.762719802905716,0.9949502347953469,-280
652,644,4.661672132375179,0.9995854273135882,8
652,651,3.8062973925923,0.9820085959441084,1
652,653,3.829592943683692,0.9813823210973283,-1
652,932,4.718787202175637,0.9976820769848196,-280
653,652,3.829592943683692,0.9813823210973283,1
653,654,3.831258880431734,0.9803595540668516,-1
653,933,4.761133987486006,0.9963121950975474,-280
654,642,4.955785364013859,0.9883597188972861,12
654,653,3.831258880431734,0.9803595540668516,1
654,655,3.8513603776833585,0.9824981988159873,-1
654,934,4.722805292767141,0.9909371632425485,-280
655,654,3.8513603776833585,0.9824981988159873,1
655,656,3.831398227138051,0.9817870532937422,-1
655,935,4.899958726595454,0.9817168615309354,-280
656,655,3.831398227138051,0.9817870532937422,1
656,657,3.7860464893851065,0.9894171980652917,-1
657,656,3.7860464893851065,0.9894171980652917,1
657,658,3.894418438342773,0.98422702924258,-1
658,657,3.894418438342773,0.98422702924258,1
658,659,3.875756420073507,0.9832654297325146,-1
659,658,3.875756420073507,0.9832654297325146,1
659,660,3.8759058884718,0.9925034852121865,-1
660,659,3.8759058884718,0.9925034852121865,1
660,661,3.8682982029935347,0.9864414459421454,-1
661,660,3.8682982029935347,0.9864414459421454,1
661,662,3.8454817780231765,0.9784574481107114,-1
662,661,3.8454817780231765,0.9784574481107114,1
662,663,3.814382166594352,0.9555483083609894,-1
663,662,3.814382166594352,0.9555483083609894,1
663,664,3.820070251381089,0.9935055801593206,-1
663,1044,4.894009963709447,0.9282352901310795,-381
664,663,3.820070251381089,0.9935055801593206,1
664,665,3.8442607643878293,0.9709143833057975,-1
665,664,3.8442607643878293,0.9709143833057975,1
665,666,3.841135614920607,0.9996241444829118,-1
665,668,4.980299455621546,0.9593994386155904,-3
666,665,3.841135614920607,0.9996241444829118,1
666,667,3.893877560051174,0.9805906955745662,-1
667,666,3.893877560051174,0.9805906955745662,1
667,668,3.8315017752557194,0.9864746715349407,-1
668,665,4.980299455621546,0.9593994386155904,3
668,667,3.8315017752557194,0.9864746715349407,1
668,669,3.840421139822619,0.9875596877861065,-1
668,795,4.620066193799559,0.9666377681068746,-127
669,668,3.840421139822619,0.9875596877861065,1
669,670,3.8109908961097583,0.9831305245683674,-1
669,691,4.951860368531156,0.9728237088975255,-22
669,796,4.852932204196464,0.9702642026703912,-127
670,669,3.8109908961097583,0.9831305245683674,1
670,671,3.8194924087219633,0.9978790766655611,-1
670,797,4.700336043464749,0.9747269703614668,-127
671,670,3.8194924087219633,0.9978790766655611,1
671,672,3.827945261564903,0.9919912166772921,-1
672,671,3.827945261564903,0.9919912166772921,1
672,673,3.8278006579519466,0.9998200241954925,-1
673,672,3.8278006579519466,0.9998200241954925,1
673,674,3.844776746064514,0.9918255892177502,-1
674,673,3.844776746064514,0.9918255892177502,1
674,675,3.83909679751085,0.9939207359346055,-1
675,674,3.83909679751085,0.9939207359346055,1
675,676,3.849533885454616,0.9904367666631546,-1
676,675,3.849533885454616,0.9904367666631546,1
676,677,3.851463455078915,0.9923156458080453,-1
677,676,3.851463455078915,0.9923156458080453,1
677,678,3.853774375843915,0.995158595564298,-1
678,677,3.853774375843915,0.995158595564298,1
678,679,3.8718859441230524,0.9860751174132318,-1
678,1064,4.121685263625554,0.9889548169136085,-386
678,1065,4.750747148541967,0.978254472355228,-387
679,678,3.8718859441230524,0.9860751174132318,1
679,680,3.8213602722948727,0.9932289596069521,-1
679,1065,4.121390992546145,0.9844833280407804,-386
680,679,3.8213602722948727,0.9932289596069521,1
680,681,3.827309714510758,0.9958536430493852,-1
681,680,3.827309714510758,0.9958536430493852,1
681,682,3.8355144754515518,0.9910537940734757,-1
682,681,3.8355144754515518,0.9910537940734757,1
682,683,3.844197148756544,0.9980746504940863,-1
682,1175,4.61279599177558,0.991407291276707,-493
683,682,3.844197148756544,0.9980746504940863,1
683,684,3.827575010985818,0.992772937648721,-1
683,1174,4.843650553553323,0.9918131412189135,-491
684,683,3.827575010985818,0.992772937648721,1
684,685,3.8157251223285957,0.9937721606723194,-1
685,684,3.8157251223285957,0.9937721606723194,1
685,686,3.829052509933267,0.9973748377715653,-1
686,685,3.829052509933267,0.9973748377715653,1
686,687,3.810581602893912,0.9944100836892169,-1
687,686,3.810581602893912,0.9944100836892169,1
687,688,3.8301256531465158,0.9948196700379431,-1
688,687,3.8301256531465158,0.9948196700379431,1
688,689,3.867680028117175,0.9846965479814477,-1
689,688,3.867680028117175,0.9846965479814477,1
689,690,3.8398348092201875,0.9796098952931519,-1
690,689,3.8398348092201875,0.9796098952931519,1
690,691,3.813097154851729,0.9885432095061266,-1
691,669,4.951860368531156,0.9728237088975255,22
691,690,3.813097154851729,0.9885432095061266,1
691,692,3.7913328194498463,0.9925204373455342,-1
692,691,3.7913328194498463,0.9925204373455342,1
692,693,3.827915615984519,0.9916376794929704,-1
693,692,3.827915615984519,0.9916376794929704,1
693,694,3.83095216741586,0.9971083033065596,-1
694,693,3.83095216741586,0.9971083033065596,1
694,695,3.8406287416977327,0.9916972279545884,-1
695,694,3.8406287416977327,0.9916972279545884,1
695,696,3.855568363585756,0.9966527356441726,-1
696,695,3.855568363585756,0.9966527356441726,1
696,697,3.845206453606686,0.9944587286391177,-1
697,696,3.845206453606686,0.9944587286391177,1
697,698,3.8180317274312383,0.9960345168547419,-1
698,697,3.8180317274312383,0.9960345168547419,1
698,699,3.8530276652972786,0.9958636574873192,-1
698,701,4.922398322415152,0.9856768979106911,-3
699,698,3.8530276652972786,0.9958636574873192,1
699,700,3.869331798935524,0.9936747987268775,-1
699,702,4.965022544510223,0.9889265131454659,-3
700,699,3.869331798935524,0.9936747987268775,1
700,701,3.834024954025691,0.9979811732529248,-1
701,698,4.922398322415152,0.9856768979106911,3
701,700,3.834024954025691,0.9979811732529248,1
701,702,3.863773382617101,0.9911134087440865,-1
702,699,4.965022544510223,0.9889265131454659,3
702,701,3.863773382617101,0.9911134087440865,1
702,703,3.8453921808016296,0.9991194852355672,-1
703,702,3.8453921808016296,0.9991194852355672,1
703,704,3.8508658023474216,0.9927350509310526,-1
704,703,3.8508658023474216,0.9927350509310526,1
704,705,3.8885995243655054,0.9964710404028324,-1
705,704,3.8885995243655054,0.9964710404028324,1
705,706,3.824120563400351,0.9911564587562366,-1
706,705,3.824120563400351,0.9911564587562366,1
706,707,3.874422090480567,0.9994908109211781,-1
707,706,3.874422090480567,0.9994908109211781,1
707,708,3.8477017731266847,0.9931860739242246,-1
708,614,4.285731994235411,0.9935927437812094,94
708,615,4.90856830138237,0.9892296971184439,93
708,707,3.8477017731266847,0.9931860739242246,1
708,709,3.863381782738472,0.9984394800943528,-1
709,708,3.863381782738472,0.9984394800943528,1
709,710,3.8732980661854213,0.9913438364317896,-1
709,775,4.997053012419407,0.9870228708686335,-66
710,616,4.7495902261716445,0.9913391831885544,94
710,709,3.8732980661854213,0.9913438364317896,1
710,711,3.85845259716146,0.9991825914754539,-1
711,616,4.859012730729779,0.989284424245419,95
711,710,3.85845259716146,0.9991825914754539,1
711,712,3.845689230568458,0.993411584378427,-1
711,775,4.900724774363256,0.9904384768624717,-64
712,711,3.845689230568458,0.993411584378427,1
712,713,3.870598540372062,0.9985228923027849,-1
713,712,3.870598540372062,0.9985228923027849,1
713,714,3.7955028512718494,0.9924658095647513,-1
714,618,4.468656912966687,0.9971723216034248,96
714,713,3.7955028512718494,0.9924658095647513,1
714,715,3.8073489776518405,0.9928460690246971,-1
715,619,4.894733881891459,0.99339883022425,96
715,714,3.8073489776518405,0.9928460690246971,1
715,716,3.8103625718180982,0.9931625187445058,-1
715,738,4.839124481714637,0.9885560780135902,-23
716,620,4.727909423736693,0.9949487478582091,96
716,715,3.8103625718180982,0.9931625187445058,1
716,717,3.825372485888464,0.9878353490171031,-1
717,621,4.7276970395635445,0.9911385870855172,96
717,716,3.825372485888464,0.9878353490171031,1
717,718,3.826216340207515,0.9957831092475605,-1
717,736,4.861963720681381,0.9807623835380629,-19
718,717,3.826216340207515,0.9957831092475605,1
718,719,3.8362430849712394,0.9838652885762181,-1
718,735,4.889864665167065,0.9728801835818107,-17
719,718,3.8362430849712394,0.9838652885762181,1
719,720,3.8285370925290043,0.9951317839427954,-1
719,734,4.679174474452504,0.9759795631438785,-15
720,719,3.8285370925290043,0.9951317839427954,1
720,721,3.8189368855024064,0.9778847336072441,-1
720,752,4.36811996150561,0.972710867466571,-32
721,720,3.8189368855024064,0.9778847336072441,1
721,722,3.8052855419115654,0.9896664270377125,-1
721,732,4.50371312473014,0.978087804166867,-11
722,721,3.8052855419115654,0.9896664270377125,1
722,723,3.828300336033664,0.9666291944663977,-1
722,904,4.562775478034199,0.9602657725018223,-182
723,722,3.828300336033664,0.9666291944663977,1
723,724,3.853518171206992,0.9877494149314908,-1
723,730,4.614576038401767,0.9801099256596042,-7
723,904,3.7195238500016115,0.9956263597771102,-181
724,723,3.853518171206992,0.9877494149314908,1
724,725,3.8346921916196286,0.9928177402646747,-1
725,724,3.8346921916196286,0.9928177402646747,1
725,726,3.8469059026498686,0.991168965513449,-1
726,725,3.8469059026498686,0.991168965513449,1
726,727,3.853682928956176,0.9897482940305444,-1
727,726,3.853682928956176,0.9897482940305444,1
727,728,3.8683936528841816,0.986557692383445,-1
727,999,4.057590521190464,0.9815176441409533,-272
728,727,3.8683936528841816,0.986557692383445,1
728,729,3.8513098380894326,0.9971665510203015,-1
729,728,3.8513098380894326,0.9971665510203015,1
729,730,3.844352425261152,0.9800021540973155,-1
730,723,4.614576038401767,0.9801099256596042,7
730,729,3.844352425261152,0.9800021540973155,1
730,731,3.812581935477077,0.9786227330965859,-1
731,730,3.812581935477077,0.9786227330965859,1
731,732,3.8291307408116744,0.9814444957340726,-1
732,721,4.50371312473014,0.978087804166867,11
732,731,3.8291307408116744,0.9814444957340726,1
732,733,3.815544349608134,0.9809060457142267,-1
733,732,3.815544349608134,0.9809060457142267,1
733,734,3.813988547757529,0.9871679029630166,-1
733,765,4.814065700510605,0.9891610046097503,-32
733,766,4.351460933634442,0.9784508061373813,-33
734,719,4.679174474452504,0.9759795631438785,15
734,733,3.813988547757529,0.9871679029630166,1
734,735,3.8269097890974413,0.9849823182202831,-1
735,718,4.889864665167065,0.9728801835818107,17
735,734,3.8269097890974413,0.9849823182202831,1
735,736,3.8170000685086913,0.9923258782219768,-1
735,768,4.36670017395059,0.9755845767051687,-33
736,717,4.861963720681381,0.9807623835380629,19
736,735,3.8170000685086913,0.9923258782219768,1
736,737,3.8445870503108437,0.9856454589104043,-1
736,769,4.926721599572826,0.9760417372514767,-33
737,736,3.8445870503108437,0.9856454589104043,1
737,738,3.839927815940194,0.9907206535040625,-1
737,770,4.755691739043778,0.9765814972975888,-33
738,715,4.839124481714637,0.9885560780135902,23
738,737,3.839927815940194,0.9907206535040625,1
738,739,3.8569803045103384,0.9917569214625614,-1
739,738,3.8569803045103384,0.9917569214625614,1
739,740,3.863816708940095,0.9840058493481335,-1
740,739,3.863816708940095,0.9840058493481335,1
740,741,3.870403970745072,0.9937787520485178,-1
740,743,4.942036361494187,0.9814202592352106,-3
741,740,3.870403970745072,0.9937787520485178,1
741,742,3.84925240133672,0.9815909875159975,-1
742,741,3.84925240133672,0.9815909875159975,1
742,743,3.8633133101540214,0.9820442301010742,-1
743,740,4.942036361494187,0.9814202592352106,3
743,742,3.8633133101540214,0.9820442301010742,1
743,744,3.8434614194149863,0.9787423947687096,-1
744,743,3.8434614194149863,0.9787423947687096,1
744,745,3.8518984132475955,0.9992504703491405,-1
745,744,3.8518984132475955,0.9992504703491405,1
745,746,3.865782518175172,0.962109748885092,-1
746,745,3.865782518175172,0.962109748885092,1
746,747,3.8573496718422264,0.9775585826479318,-1
746,749,4.892228950125196,0.9607727488333108,-3
747,746,3.8573496718422264,0.9775585826479318,1
747,748,3.8484594695643177,0.9830052677591612,-1
748,747,3.8484594695643177,0.9830052677591612,1
748,749,3.835273308739554,0.9785737494888895,-1
749,746,4.892228950125196,0.9607727488333108,3
749,748,3.835273308739554,0.9785737494888895,1
749,750,3.866241859899683,0.970758039875068,-1
749,906,4.700027590788782,0.9153426905923863,-157
749,907,4.37838065870152,0.911172317639713,-158
750,749,3.866241859899683,0.970758039875068,1
750,751,3.8261308773319467,0.9937763367960981,-1
750,906,4.670825603710978,0.9370759173811016,-156
751,750,3.8261308773319467,0.9937763367960981,1
751,752,3.8223652112240365,0.9840340405516135,-1
752,720,4.36811996150561,0.972710867466571,32
752,751,3.8223652112240365,0.9840340405516135,1
752,753,3.8306453717585662,0.9995903160979376,-1
753,623,4.113319824944776,0.9932075784319335,130
753,624,4.07054374942602,0.9837197149514907,129
753,752,3.8306453717585662,0.9995903160979376,1
753,754,3.842063894295968,0.9976036041725453,-1
754,623,4.794679419343902,0.9829201237763564,131
754,753,3.842063894295968,0.9976036041725453,1
754,755,3.8832547759332248,0.9889694702629258,-1
755,754,3.8832547759332248,0.9889694702629258,1
755,756,3.8606717142533222,0.9912430925310648,-1
756,755,3.8606717142533222,0.9912430925310648,1
756,757,3.8553930376611563,0.9952588651111418,-1
756,759,4.8420626440242795,0.9883724720116025,-3
757,756,3.8553930376611563,0.9952588651111418,1
757,758,3.827144335899593,0.9934114029185844,-1
758,757,3.827144335899593,0.9934114029185844,1
758,759,3.847475310554166,0.9932193043094156,-1
759,756,4.8420626440242795,0.9883724720116025,3
759,758,3.847475310554166,0.9932193043094156,1
759,760,3.8625594048434935,0.9891059538132781,-1
760,759,3.8625594048434935,0.9891059538132781,1
760,761,3.8451181942538337,0.9997632271539201,-1
761,760,3.8451181942538337,0.9997632271539201,1
761,762,3.8550922428390915,0.9929417147458481,-1
762,761,3.8550922428390915,0.9929417147458481,1
762,763,3.863908125182815,0.9963747025650509,-1
763,762,3.863908125182815,0.9963747025650509,1
763,764,3.811969766549392,0.9935440170903028,-1
764,763,3.811969766549392,0.9935440170903028,1
764,765,3.833805794565147,0.9956131938396705,-1
765,733,4.814065700510605,0.9891610046097503,32
765,764,3.833805794565147,0.9956131938396705,1
765,766,3.826018462960647,0.9901399382924939,-1
766,733,4.351460933634442,0.9784508061373813,33
766,765,3.826018462960647,0.9901399382924939,1
766,767,3.8221370332831675,0.9865540331590524,-1
767,766,3.8221370332831675,0.9865540331590524,1
767,768,3.8204234052902826,0.9898576336819271,-1
767,803,4.729994477750069,0.9770452168784922,-36
768,735,4.36670017395059,0.9755845767051687,33
768,767,3.8204234052902826,0.9898576336819271,1
768,769,3.850401182966619,0.9869663024304214,-1
768,804,4.744177602605295,0.970631007743112,-36
769,736,4.926721599572826,0.9760417372514767,33
769,768,3.850401182966619,0.9869663024304214,1
769,770,3.8164268645010537,0.9853165109003202,-1
769,805,4.8083575722743035,0.9750894975051537,-36
770,737,4.755691739043778,0.9765814972975888,33
770,769,3.8164268645010537,0.9853165109003202,1
770,771,3.822902402936719,0.9894979298243932,-1
770,806,4.766376087343193,0.9727193326184873,-36
771,770,3.822902402936719,0.9894979298243932,1
771,772,3.8310580896749986,0.9855244182888753,-1
772,771,3.8310580896749986,0.9855244182888753,1
772,773,3.859274460524937,0.9961292559692397,-1
772,788,4.916702151239695,0.9762318189044322,-16
772,808,4.38342640543326,0.9805168361528623,-36
773,772,3.859274460524937,0.9961292559692397,1
773,774,3.8519554702556453,0.9930963781288907,-1
773,808,4.6650494129741,0.9930827085672498,-35
774,773,3.8519554702556453,0.9930963781288907,1
774,775,3.877119556322285,0.9961754440677648,-1
775,709,4.997053012419407,0.9870228708686335,66
775,711,4.900724774363256,0.9904384768624717,64
775,774,3.877119556322285,0.9961754440677648,1
775,776,3.8352364223841278,0.996206103681031,-1
776,775,3.8352364223841278,0.996206103681031,1
776,777,2.9786034879012866,0.9983695154288128,-1
776,778,4.731673613128413,0.9898941517782145,-2
777,776,2.9786034879012866,0.9983695154288128,1
777,778,3.838570960737378,0.9961895307354012,-1
778,776,4.731673613128413,0.9898941517782145,2
778,777,3.838570960737378,0.9961895307354012,1
778,779,3.839862893742079,0.9939386134472793,-1
779,778,3.839862893742079,0.9939386134472793,1
779,780,3.8722588417501096,0.9949119429565342,-1
780,779,3.8722588417501096,0.9949119429565342,1
780,781,3.8529222963902607,0.9928376990152913,-1
781,780,3.8529222963902607,0.9928376990152913,1
781,782,3.809553925718983,0.997426320575048,-1
782,781,3.809553925718983,0.997426320575048,1
782,783,3.849845091495009,0.9925485181649777,-1
783,782,3.849845091495009,0.9925485181649777,1
783,784,3.8568976470811625,0.9904756011404514,-1
784,783,3.8568976470811625,0.9904756011404514,1
784,785,3.8584627992805363,0.9890651736540836,-1
785,784,3.8584627992805363,0.9890651736540836,1
785,786,3.8636495280259537,0.9955767253069763,-1
786,785,3.8636495280259537,0.9955767253069763,1
786,787,3.8612908791812446,0.9871824030189525,-1
787,786,3.8612908791812446,0.9871824030189525,1
787,788,3.819900253869486,0.987984063754541,-1
788,772,4.916702151239695,0.9762318189044322,16
788,787,3.819900253869486,0.987984063754541,1
788,789,3.839350172066898,0.9897466637205132,-1
789,788,3.839350172066898,0.9897466637205132,1
789,790,3.8678367736484156,0.9883676696215997,-1
789,808,4.208063685671368,0.9902555234557122,-19
790,789,3.8678367736484156,0.9883676696215997,1
790,791,3.842770249315714,0.9950756497610213,-1
791,790,3.842770249315714,0.9950756497610213,1
791,792,3.846880498870053,0.9891790524169776,-1
792,791,3.846880498870053,0.9891790524169776,1
792,793,3.856132842843488,0.9999391004211817,-1
793,792,3.856132842843488,0.9999391004211817,1
793,794,3.8442313633054623,0.9844098870255827,-1
793,808,4.258412601515117,0.9808600242306768,-15
794,793,3.8442313633054623,0.9844098870255827,1
794,795,3.8446736581712573,0.9917813890776286,-1
795,668,4.620066193799559,0.9666377681068746,127
795,794,3.8446736581712573,0.9917813890776286,1
795,796,3.831524053903101,0.9842989372336518,-1
795,806,4.316393181118884,0.975045769876634,-11
796,669,4.852932204196464,0.9702642026703912,127
796,795,3.831524053903101,0.9842989372336518,1
796,797,3.8343306263708703,0.9812757521042454,-1
797,670,4.700336043464749,0.9747269703614668,127
797,796,3.8343306263708703,0.9812757521042454,1
797,798,3.832526187732157,0.9952073665609096,-1
797,804,4.644232964952224,0.9709028174820381,-7
798,797,3.832526187732157,0.9952073665609096,1
798,799,3.8582939912336696,0.9853596987894065,-1
799,798,3.8582939912336696,0.9853596987894065,1
799,800,3.860496993458135,0.999463310230176,-1
799,802,4.929735944712408,0.9762120629101293,-3
800,799,3.860496993458135,0.999463310230176,1
800,801,3.8656623360078304,0.9888321713055608,-1
801,800,3.8656623360078304,0.9888321713055608,1
801,802,3.8623632374503396,0.9960838635834558,-1
802,799,4.929735944712408,0.9762120629101293,3
802,801,3.8623632374503396,0.9960838635834558,1
802,803,3.8293714009453543,0.9858245334788572,-1
803,767,4.729994477750069,0.9770452168784922,36
803,802,3.8293714009453543,0.9858245334788572,1
803,804,3.820276897736575,0.9925764227122827,-1
804,768,4.744177602605295,0.970631007743112,36
804,797,4.644232964952224,0.9709028174820381,7
804,803,3.820276897736575,0.9925764227122827,1
804,805,3.8156969268014818,0.985359901513487,-1
805,769,4.8083575722743035,0.9750894975051537,36
805,804,3.8156969268014818,0.985359901513487,1
805,806,3.828715942468528,0.9850274647945547,-1
806,770,4.766376087343193,0.9727193326184873,36
806,795,4.316393181118884,0.975045769876634,11
806,805,3.828715942468528,0.9850274647945547,1
806,807,3.814377752000601,0.9888142296855684,-1
807,806,3.814377752000601,0.9888142296855684,1
807,808,3.808584905009868,0.9846216973991653,-1
808,772,4.38342640543326,0.9805168361528623,36
808,773,4.6650494129741,0.9930827085672498,35
808,789,4.208063685671368,0.9902555234557122,19
808,793,4.258412601515117,0.9808600242306768,15
808,807,3.808584905009868,0.9846216973991653,1
808,809,3.873874824534136,0.9962034282472492,-1
809,808,3.873874824534136,0.9962034282472492,1
809,810,3.830478515644458,0.9786845598974586,-1
810,809,3.830478515644458,0.9786845598974586,1
810,811,3.8498003295542618,0.9913100335867819,-1
811,810,3.8498003295542618,0.9913100335867819,1
811,812,3.8145977717138058,0.9907654228021792,-1
812,811,3.8145977717138058,0.9907654228021792,1
812,813,3.8454453872636383,0.9322576731661308,-1
813,812,3.8454453872636383,0.9322576731661308,1
813,814,3.867466738079843,0.9989405139849992,-1
814,813,3.867466738079843,0.9989405139849992,1
814,815,3.868844307718616,0.9641933680300164,-1
815,814,3.868844307718616,0.9641933680300164,1
815,816,3.863353741981337,0.9725763591798352,-1
816,815,3.863353741981337,0.9725763591798352,1
816,817,3.818397994815499,0.961042315324184,-1
817,816,3.818397994815499,0.961042315324184,1
817,818,3.853353644080804,0.9592966809113775,-1
818,817,3.853353644080804,0.9592966809113775,1
818,819,3.871102400355344,0.99530432778823,-1
818,822,4.856344921312597,0.9319649051831216,-4
819,818,3.871102400355344,0.99530432778823,1
819,820,3.856475031888261,0.9001869631300574,-1
820,819,3.856475031888261,0.9001869631300574,1
820,821,3.8202684647717233,0.9994858060832327,-1
821,820,3.8202684647717233,0.9994858060832327,1
821,822,3.820574993448445,0.9586216401996064,-1
822,818,4.856344921312597,0.9319649051831216,4
822,821,3.820574993448445,0.9586216401996064,1
822,823,3.81686686312426,0.968743724841066,-1
822,826,4.846179875268088,0.9667474553340473,-4
823,822,3.81686686312426,0.968743724841066,1
823,824,3.8515876307161068,0.938607571315337,-1
823,827,4.999762180883401,0.979881747848513,-4
824,823,3.8515876307161068,0.938607571315337,1
824,825,3.865493740376973,0.9810762261182873,-1
825,824,3.865493740376973,0.9810762261182873,1
825,826,3.8308553244183736,0.9810247159851232,-1
825,1063,3.9184771308886415,0.9876963072205175,-238
826,822,4.846179875268088,0.9667474553340473,4
826,825,3.8308553244183736,0.9810247159851232,1
826,827,3.8285722055181255,0.9729131931759528,-1
827,823,4.999762180883401,0.979881747848513,4
827,826,3.8285722055181255,0.9729131931759528,1
827,828,3.8656145887060287,0.9697291792705979,-1
828,827,3.8656145887060287,0.9697291792705979,1
828,829,3.851550230851518,0.9947957858647732,-1
828,831,4.76411105819636,0.9802284377575615,-3
828,838,4.763850005704888,0.962136332690803,-10
829,828,3.851550230851518,0.9947957858647732,1
829,830,3.8461654130954464,0.9820662006625982,-1
830,829,3.8461654130954464,0.9820662006625982,1
830,831,3.84350533948774,0.9823220275131975,-1
831,828,4.76411105819636,0.9802284377575615,3
831,830,3.84350533948774,0.9823220275131975,1
831,832,3.836148137358861,0.9896517866389053,-1
831,836,4.526594901278866,0.9740320244500963,-5
832,831,3.836148137358861,0.9896517866389053,1
832,833,3.8465490078632736,0.9927674401489802,-1
833,832,3.8465490078632736,0.9927674401489802,1
833,834,3.8248116685328744,0.9875125912096457,-1
834,833,3.8248116685328744,0.9875125912096457,1
834,835,3.8729520349995203,0.9868771069792583,-1
835,834,3.8729520349995203,0.9868771069792583,1
835,836,3.8690388825833018,0.9978121814111564,-1
836,831,4.526594901278866,0.9740320244500963,5
836,835,3.8690388825833018,0.9978121814111564,1
836,837,3.8853602996826813,0.9946810808431693,-1
836,892,4.620368478502743,0.9734334495193994,-56
837,836,3.8853602996826813,0.9946810808431693,1
837,838,3.8496253730878984,0.9914159921072287,-1
837,891,4.980509177128129,0.954157459799607,-54
838,828,4.763850005704888,0.962136332690803,10
838,837,3.8496253730878984,0.9914159921072287,1
838,839,3.7941098673577476,0.9703998796927306,-1
838,890,4.620706816726755,0.9400215520417322,-52
839,838,3.7941098673577476,0.9703998796927306,1
839,840,3.821628195195738,0.9758074054711958,-1
840,839,3.821628195195738,0.9758074054711958,1
840,841,3.8244057495836103,0.8827897654837484,-1
840,888,4.818654355815075,0.7731377761899086,-48
841,840,3.8244057495836103,0.8827897654837484,1
841,842,3.760382537329066,0.8894334146832686,-1
841,858,4.899838478706488,0.9317445662546197,-17
841,859,4.366103897212803,0.9135531258487481,-18
841,888,4.921354467950591,0.7949294531199469,-47
842,841,3.760382537329066,0.8894334146832686,1
842,843,3.8296535011879884,0.9796306637659462,-1
842,886,4.082615361543327,0.864005794484531,-44
842,887,4.743882869185269,0.9412576521521239,-45
843,842,3.8296535011879884,0.9796306637659462,1
843,844,3.835665692176058,0.9706892708663607,-1
843,857,4.596431091380939,0.9399300753473406,-14
844,843,3.835665692176058,0.9706892708663607,1
844,845,3.803758140681801,0.9984013359334899,-1
844,883,4.742722212694912,0.9371473238574901,-39
845,844,3.803758140681801,0.9984013359334899,1
845,846,3.8374965808796047,0.9861736336860092,-1
845,855,4.427504742018126,0.9697035598920462,-10
845,882,4.949295399362282,0.9582022871680118,-37
846,845,3.8374965808796047,0.9861736336860092,1
846,847,3.839839992288006,0.9982438498607641,-1
846,881,4.575593960138977,0.9740807438267034,-35
847,846,3.839839992288006,0.9982438498607641,1
847,848,3.830265587297942,0.99423041362043,-1
847,853,4.1830544526242335,0.9844678091790459,-6
848,847,3.830265587297942,0.99423041362043,1
848,849,3.8866383823741995,0.9967209008577804,-1
848,879,4.879215905208682,0.9834241207576284,-31
849,848,3.8866383823741995,0.9967209008577804,1
849,850,3.8673004966959628,0.9938162943153993,-1
849,878,4.474330582702669,0.9887542610033944,-29
850,849,3.8673004966959628,0.9938162943153993,1
850,851,3.875270244736734,0.994390406162163,-1
851,850,3.875270244736734,0.994390406162163,1
851,852,3.852558595228403,0.9919586822110444,-1
852,851,3.852558595228403,0.9919586822110444,1
852,853,3.853946544952861,0.9988571752234137,-1
853,847,4.1830544526242335,0.9844678091790459,6
853,852,3.853946544952861,0.9988571752234137,1
853,854,3.8474178205385696,0.9903536688149412,-1
854,853,3.8474178205385696,0.9903536688149412,1
854,855,3.817372178420822,0.9969684031138135,-1
855,845,4.427504742018126,0.9697035598920462,10
855,854,3.817372178420822,0.9969684031138135,1
855,856,3.810120854270229,0.9824796659098044,-1
855,1004,4.952643659150598,0.9643651604647718,-149
856,855,3.810120854270229,0.9824796659098044,1
856,857,3.80387241088884,0.9859999782024619,-1
856,1006,4.867218017985669,0.9788595387018788,-150
857,843,4.596431091380939,0.9399300753473406,14
857,856,3.80387241088884,0.9859999782024619,1
857,858,3.842109608986631,0.9592805620233387,-1
857,1007,4.816246385441409,0.9756478816430266,-150
858,841,4.899838478706488,0.9317445662546197,17
858,857,3.842109608986631,0.9592805620233387,1
858,859,3.8335596094623217,0.9437659194107766,-1
858,1008,4.351759624551064,0.9933117254460784,-150
859,841,4.366103897212803,0.9135531258487481,18
859,858,3.8335596094623217,0.9437659194107766,1
859,860,3.812547729681704,0.9286819584715773,-1
860,859,3.812547729681704,0.9286819584715773,1
860,861,3.848047956024351,0.9189498556595169,-1
861,860,3.848047956024351,0.9189498556595169,1
861,862,3.8118854819913675,0.9247932533152994,-1
861,1057,4.524222519394287,0.915486185826921,-196
862,861,3.8118854819913675,0.9247932533152994,1
862,863,3.8572930671904277,0.8951990709310099,-1
863,862,3.8572930671904277,0.8951990709310099,1
863,864,3.8856281968127497,0.9301492698990949,-1
864,863,3.8856281968127497,0.9301492698990949,1
864,865,3.8516173020267295,0.9269457054462377,-1
865,864,3.8516173020267295,0.9269457054462377,1
865,866,3.866330989165757,0.9342056217710665,-1
866,865,3.866330989165757,0.9342056217710665,1
866,867,3.859743210934413,0.8573503700042473,-1
867,866,3.859743210934413,0.8573503700042473,1
867,868,3.8518535640557987,0.9919011317300589,-1
867,886,4.977255609808797,0.7217992667983907,-19
868,867,3.8518535640557987,0.9919011317300589,1
868,869,3.85658024642076,0.9452741881062369,-1
869,868,3.85658024642076,0.9452741881062369,1
869,870,3.857485161078011,0.9466492554262136,-1
869,872,4.95937399360594,0.9612047157071558,-3
870,869,3.857485161078011,0.9466492554262136,1
870,871,3.8542162208326514,0.956174560200571,-1
871,870,3.8542162208326514,0.956174560200571,1
871,872,3.828217105091225,0.9805444585916216,-1
872,869,4.95937399360594,0.9612047157071558,3
872,871,3.828217105091225,0.9805444585916216,1
872,873,3.7875656763769943,0.9958041778628018,-1
873,872,3.7875656763769943,0.9958041778628018,1
873,874,3.8784081705565114,0.9866121095924765,-1
874,873,3.8784081705565114,0.9866121095924765,1
874,875,3.835875053333975,0.9937681639222167,-1
874,1107,4.56592443662493,0.9766196440984312,-233
875,874,3.835875053333975,0.9937681639222167,1
875,876,3.8405688137052683,0.9913502485032283,-1
875,1107,4.963862755108522,0.9944348679989458,-232
876,875,3.8405688137052683,0.9913502485032283,1
876,877,3.861705217520803,0.9933137792335606,-1
877,876,3.861705217520803,0.9933137792335606,1
877,878,3.846280248431548,0.9905365252330209,-1
878,849,4.474330582702669,0.9887542610033944,29
878,877,3.846280248431548,0.9905365252330209,1
878,879,3.8466517481531746,0.9984150916461311,-1
879,848,4.879215905208682,0.9834241207576284,31
879,878,3.8466517481531746,0.9984150916461311,1
879,880,3.842562873630728,0.9922667127830646,-1
880,879,3.842562873630728,0.9922667127830646,1
880,881,3.830497642950106,0.999553998814177,-1
881,846,4.575593960138977,0.9740807438267034,35
881,880,3.830497642950106,0.999553998814177,1
881,882,3.824318774244836,0.9792842380477296,-1
882,845,4.949295399362282,0.9582022871680118,37
882,881,3.824318774244836,0.9792842380477296,1
882,883,3.8343753051318035,0.9954856013690545,-1
882,991,4.951744752073887,0.9579751938678275,-109
882,993,4.842724174825699,0.9591110113079028,-111
883,844,4.742722212694912,0.9371473238574901,39
883,882,3.8343753051318035,0.9954856013690545,1
883,884,3.846208885396172,0.9542450126185742,-1
883,992,4.778273245905672,0.9625355088742491,-109
884,883,3.846208885396172,0.9542450126185742,1
884,885,3.848609389745395,0.9987140776245752,-1
884,996,4.4655898055585315,0.9756577466081291,-112
885,884,3.848609389745395,0.9987140776245752,1
885,886,3.8340917479191936,0.9363965530984233,-1
886,842,4.082615361543327,0.864005794484531,44
886,867,4.977255609808797,0.7217992667983907,19
886,885,3.8340917479191936,0.9363965530984233,1
886,887,3.8302341294976636,0.7639708716307237,-1
887,842,4.743882869185269,0.9412576521521239,45
887,886,3.8302341294976636,0.7639708716307237,1
887,888,3.8703593932558142,0.8847428734201745,-1
888,840,4.818654355815075,0.7731377761899086,48
888,841,4.921354467950591,0.7949294531199469,47
888,887,3.8703593932558142,0.8847428734201745,1
888,889,3.828118434699225,0.9892529790513712,-1
889,888,3.828118434699225,0.9892529790513712,1
889,890,3.818823287074837,0.9848655538177843,-1
890,838,4.620706816726755,0.9400215520417322,52
890,889,3.818823287074837,0.9848655538177843,1
890,891,3.803105637943634,0.9860718887751133,-1
891,837,4.980509177128129,0.954157459799607,54
891,890,3.803105637943634,0.9860718887751133,1
891,892,3.840701199974978,0.9993971765337022,-1
891,901,4.279618862810541,0.9650478381010386,-10
892,836,4.620368478502743,0.9734334495193994,56
892,891,3.840701199974978,0.9993971765337022,1
892,893,3.805005980574595,0.9951752782312321,-1
893,892,3.805005980574595,0.9951752782312321,1
893,894,3.8315482906689855,0.9915545781204956,-1
893,899,4.327676921855147,0.986328042062933,-6
894,893,3.8315482906689855,0.9915545781204956,1
894,895,3.834408943646189,0.9999570721613943,-1
895,894,3.834408943646189,0.9999570721613943,1
895,896,3.8791994331418915,0.9913359528679752,-1
896,895,3.8791994331418915,0.9913359528679752,1
896,897,3.8491292174990983,0.9936380599142708,-1
897,896,3.8491292174990983,0.9936380599142708,1
897,898,3.8530557521044813,0.9956085007096666,-1
897,1081,4.919062869679419,0.9945065320122384,-184
897,1082,4.273429843096325,0.9880395460306228,-185
898,897,3.8530557521044813,0.9956085007096666,1
898,899,3.8137594086669697,0.9975005851183031,-1
899,893,4.327676921855147,0.986328042062933,6
899,898,3.8137594086669697,0.9975005851183031,1
899,900,3.861267515618402,0.9842021820742288,-1
900,899,3.861267515618402,0.9842021820742288,1
900,901,3.819256548802662,0.9989922731548129,-1
900,1003,4.592143189586499,0.9753843595543354,-103
901,891,4.279618862810541,0.9650478381010386,10
901,900,3.819256548802662,0.9989922731548129,1
901,902,3.8220124956313684,0.9728753710622746,-1
901,1001,4.769827711124026,0.9757514634320072,-100
902,901,3.8220124956313684,0.9728753710622746,1
902,903,3.7835790814775465,0.9897589318462534,-1
902,1001,4.743579945848948,0.9947496499789273,-99
903,902,3.7835790814775465,0.9897589318462534,1
903,904,3.8556688687437854,0.9413275527859137,-1
904,722,4.562775478034199,0.9602657725018223,182
904,723,3.7195238500016115,0.9956263597771102,181
904,903,3.8556688687437854,0.9413275527859137,1
904,905,3.86844329753385,0.9484472540924139,-1
905,904,3.86844329753385,0.9484472540924139,1
905,906,3.858689550605331,0.9549093942118618,-1
906,749,4.700027590788782,0.9153426905923863,157
906,750,4.670825603710978,0.9370759173811016,156
906,905,3.858689550605331,0.9549093942118618,1
906,907,3.840255803207609,0.9531194953833274,-1
907,749,4.37838065870152,0.911172317639713,158
907,906,3.840255803207609,0.9531194953833274,1
907,908,3.798347688954949,0.9459508658633877,-1
907,985,4.167844112130669,0.9809793016581172,-78
907,986,4.215459494020507,0.9527752583708472,-79
908,907,3.798347688954949,0.9459508658633877,1
908,909,3.812335840564497,0.8351766546382863,-1
909,908,3.812335840564497,0.8351766546382863,1
909,910,3.8222412578036935,0.8017180477930601,-1
909,983,4.573763282929657,0.9988515170434228,-74
910,909,3.8222412578036935,0.8017180477930601,1
910,911,3.841908625498609,0.9005919761844078,-1
911,910,3.841908625498609,0.9005919761844078,1
911,912,3.8286745884591897,0.9886498054500835,-1
911,981,4.712802521311436,0.891848653468552,-70
912,911,3.8286745884591897,0.9886498054500835,1
912,913,3.895093833869171,0.9700819627429602,-1
913,912,3.895093833869171,0.9700819627429602,1
913,914,3.826782940230424,0.9678967871929188,-1
914,913,3.826782940230424,0.9678967871929188,1
914,915,3.870476663869307,0.9669562338365015,-1
914,948,4.410814626760477,0.9975864472604244,-34
915,914,3.870476663869307,0.9669562338365015,1
915,916,3.841326272243308,0.9945391414192523,-1
916,915,3.841326272243308,0.9945391414192523,1
916,917,3.8256098166969825,0.98584256034742,-1
916,949,4.58570389265231,0.9738547981486638,-33
917,916,3.8256098166969825,0.98584256034742,1
917,918,3.8563646500144797,0.981580003636155,-1
917,921,4.156913773798432,0.9819684065369447,-4
918,917,3.8563646500144797,0.981580003636155,1
918,919,3.848567819038215,0.9967253746805905,-1
919,918,3.848567819038215,0.9967253746805905,1
919,920,3.8457558592098686,0.9765826379616409,-1
920,919,3.8457558592098686,0.9765826379616409,1
920,921,3.8723351343797807,0.9867645598870568,-1
921,917,4.156913773798432,0.9819684065369447,4
921,920,3.8723351343797807,0.9867645598870568,1
921,922,3.8398289603725972,0.9794586455102144,-1
922,921,3.8398289603725972,0.9794586455102144,1
922,923,3.8461715788921866,0.9811871571951593,-1
923,922,3.8461715788921866,0.9811871571951593,1
923,924,3.8713341980254334,0.9896870400949933,-1
923,926,4.933231501288376,0.9525594627775286,-3
924,923,3.8713341980254334,0.9896870400949933,1
924,925,3.8646448213091458,0.9795907516342406,-1
925,924,3.8646448213091458,0.9795907516342406,1
925,926,3.8593976735668813,0.9862297075162451,-1
926,923,4.933231501288376,0.9525594627775286,3
926,925,3.8593976735668813,0.9862297075162451,1
926,927,3.854020172851305,0.9686024204464133,-1
927,926,3.854020172851305,0.9686024204464133,1
927,928,3.873149188902571,0.9998279177963327,-1
928,927,3.873149188902571,0.9998279177963327,1
928,929,3.8364341292786,0.9805813912694543,-1
929,649,4.56533796675927,0.996171997690383,280
929,928,3.8364341292786,0.9805813912694543,1
929,930,3.855748876544585,0.9809865387940131,-1
930,650,4.852682391146662,0.9924122313446251,280
930,929,3.855748876544585,0.9809865387940131,1
930,931,3.8522314604869763,0.9877973233466066,-1
931,651,4.762719802905716,0.9949502347953469,280
931,930,3.8522314604869763,0.9877973233466066,1
931,932,3.819132654207116,0.9700904263986941,-1
931,984,4.671333809358576,0.9808683496551696,-53
932,652,4.718787202175637,0.9976820769848196,280
932,931,3.819132654207116,0.9700904263986941,1
932,933,3.8230584168287987,0.9685323238408721,-1
933,653,4.761133987486006,0.9963121950975474,280
933,932,3.8230584168287987,0.9685323238408721,1
933,934,3.828893477419982,0.9667160268857911,-1
933,982,4.443024946772542,0.9872690537956265,-49
934,654,4.722805292767141,0.9909371632425485,280
934,933,3.828893477419982,0.9667160268857911,1
934,935,3.8468894578418285,0.977766705569176,-1
935,655,4.899958726595454,0.9817168615309354,280
935,934,3.8468894578418285,0.977766705569176,1
935,936,3.848782159027839,0.9755001771889584,-1
935,962,4.863339996708451,0.995638196036551,-27
935,980,4.8609900639522685,0.9845631736993427,-45
936,935,3.848782159027839,0.9755001771889584,1
936,937,3.81478218650935,0.9986135047769973,-1
936,976,4.323266943712059,0.9732166529075448,-40
937,936,3.81478218650935,0.9986135047769973,1
937,938,3.8443245913093023,0.9902750973024367,-1
937,945,4.8366570015967065,0.9734397719806647,-8
937,961,4.4212326828220565,0.9890610538617857,-24
937,962,4.86934583902442,0.9736297152669666,-25
938,937,3.8443245913093023,0.9902750973024367,1
938,939,3.8311898025100106,0.9941813951503784,-1
938,944,4.693252882092054,0.9851387950689047,-6
939,938,3.8311898025100106,0.9941813951503784,1
939,940,3.86988333381538,0.9983084750464635,-1
939,959,4.56620758207204,0.9866774727350004,-20
940,939,3.86988333381538,0.9983084750464635,1
940,941,3.863047329654477,0.9914903187989107,-1
941,940,3.863047329654477,0.9914903187989107,1
941,942,3.88447824773115,0.9960352423254427,-1
942,645,4.932715190169808,0.9874683487358332,297
942,646,4.9938169769203835,0.982617435804208,296
942,941,3.88447824773115,0.9960352423254427,1
942,943,3.8464695696158024,0.994882685939505,-1
943,942,3.8464695696158024,0.994882685939505,1
943,944,3.8412153890876817,0.9942755831475015,-1
944,938,4.693252882092054,0.9851387950689047,6
944,943,3.8412153890876817,0.9942755831475015,1
944,945,3.8178022441505575,0.9828684149037955,-1
945,937,4.8366570015967065,0.9734397719806647,8
945,944,3.8178022441505575,0.9828684149037955,1
945,946,3.8425363528927905,0.985770233676038,-1
946,945,3.8425363528927905,0.985770233676038,1
946,947,3.818443371790379,0.9803461300250107,-1
947,946,3.818443371790379,0.9803461300250107,1
947,948,3.8304226518359603,0.9803634404223923,-1
948,914,4.410814626760477,0.9975864472604244,34
948,947,3.8304226518359603,0.9803634404223923,1
948,949,3.8728625405563077,0.9800401284983813,-1
949,916,4.58570389265231,0.9738547981486638,33
949,948,3.8728625405563077,0.9800401284983813,1
949,950,3.8791075446441057,0.9938582683360535,-1
950,949,3.8791075446441057,0.9938582683360535,1
950,951,3.859649485262769,0.9904037945568676,-1
951,950,3.859649485262769,0.9904037945568676,1
951,952,3.8652543845371783,0.9974030506685579,-1
952,951,3.8652543845371783,0.9974030506685579,1
952,953,3.822930259796901,0.991545118582145,-1
953,952,3.822930259796901,0.991545118582145,1
953,954,3.815464842123929,0.9980776850081051,-1
954,953,3.815464842123929,0.9980776850081051,1
954,955,3.83734042331527,0.9973803638625219,-1
955,954,3.83734042331527,0.9973803638625219,1
955,956,3.8477994462926235,0.9940830707039663,-1
956,955,3.8477994462926235,0.9940830707039663,1
956,957,3.8619010455790397,0.9994242025273499,-1
957,956,3.8619010455790397,0.9994242025273499,1
957,958,3.8499278953144977,0.9928445687716945,-1
958,957,3.8499278953144977,0.9928445687716945,1
958,959,3.8569159697464026,0.9979112731219983,-1
959,939,4.56620758207204,0.9866774727350004,20
959,958,3.8569159697464026,0.9979112731219983,1
959,960,3.833109449851731,0.9904634533893055,-1
960,959,3.833109449851731,0.9904634533893055,1
960,961,3.8452289336947927,0.9935129066028408,-1
960,966,4.533923093506229,0.9952794946362681,-6
961,937,4.4212326828220565,0.9890610538617857,24
961,960,3.8452289336947927,0.9935129066028408,1
961,962,3.830566799000956,0.9931245061510442,-1
961,975,4.450657739437024,0.9842556833859281,-14
962,935,4.863339996708451,0.995638196036551,27
962,937,4.86934583902442,0.9736297152669666,25
962,961,3.830566799000956,0.9931245061510442,1
962,963,3.872160099079018,0.992986150866098,-1
963,962,3.872160099079018,0.992986150866098,1
963,964,3.865763989572825,0.9917149229233767,-1
964,963,3.865763989572825,0.9917149229233767,1
964,965,3.8697836690759506,0.9942080481709042,-1
965,964,3.8697836690759506,0.9942080481709042,1
965,966,3.819155475882815,0.9928670322464108,-1
966,960,4.533923093506229,0.9952794946362681,6
966,965,3.819155475882815,0.9928670322464108,1
966,967,3.807685687791781,0.9930426120215349,-1
967,966,3.807685687791781,0.9930426120215349,1
967,968,3.807207773469447,0.9925173050752766,-1
968,967,3.807207773469447,0.9925173050752766,1
968,969,3.834992889254472,0.9920431531563875,-1
969,968,3.834992889254472,0.9920431531563875,1
969,970,3.8665453290148717,0.996365735892082,-1
970,969,3.8665453290148717,0.996365735892082,1
970,971,3.865647311967071,0.9933642628066011,-1
971,970,3.865647311967071,0.9933642628066011,1
971,972,3.872250403179267,0.9931280356643336,-1
972,971,3.872250403179267,0.9931280356643336,1
972,973,3.8692309711814543,0.9966293538898866,-1
973,972,3.8692309711814543,0.9966293538898866,1
973,974,3.862183853538257,0.9958164142865047,-1
974,973,3.862183853538257,0.9958164142865047,1
974,975,3.844953364349638,0.9851181684001148,-1
975,961,4.450657739437024,0.9842556833859281,14
975,974,3.844953364349638,0.9851181684001148,1
975,976,3.8660501303819395,0.9987423605317867,-1
976,936,4.323266943712059,0.9732166529075448,40
976,975,3.8660501303819395,0.9987423605317867,1
976,977,3.822749851110314,0.9818669331997399,-1
977,976,3.822749851110314,0.9818669331997399,1
977,978,3.903402246223342,0.9760969694561946,-1
977,980,4.908998495096253,0.984364971466062,-3
978,977,3.903402246223342,0.9760969694561946,1
978,979,3.862258263635376,0.9879203730671225,-1
979,978,3.862258263635376,0.9879203730671225,1
979,980,3.8388796754741024,0.9526732056989657,-1
980,935,4.8609900639522685,0.9845631736993427,45
980,977,4.908998495096253,0.984364971466062,3
980,979,3.8388796754741024,0.9526732056989657,1
980,981,3.8057739185307886,0.9650778775871218,-1
981,911,4.712802521311436,0.891848653468552,70
981,980,3.8057739185307886,0.9650778775871218,1
981,982,3.74420435191829,0.9395953486963965,-1
982,933,4.443024946772542,0.9872690537956265,49
982,981,3.74420435191829,0.9395953486963965,1
982,983,3.837087296850678,0.9367030271571326,-1
983,909,4.573763282929657,0.9988515170434228,74
983,982,3.837087296850678,0.9367030271571326,1
983,984,3.842251439037907,0.9488624573144997,-1
984,931,4.671333809358576,0.9808683496551696,53
984,983,3.842251439037907,0.9488624573144997,1
984,985,3.876088233149222,0.9570984739545634,-1
985,907,4.167844112130669,0.9809793016581172,78
985,984,3.876088233149222,0.9570984739545634,1
985,986,3.823755222670448,0.9573244244737112,-1
986,907,4.215459494020507,0.9527752583708472,79
986,985,3.823755222670448,0.9573244244737112,1
986,987,3.8521168936475227,0.9992287506626704,-1
987,986,3.8521168936475227,0.9992287506626704,1
987,988,3.865875066905444,0.9726921586148846,-1
988,987,3.865875066905444,0.9726921586148846,1
988,989,3.825154336015272,0.9757906910172951,-1
989,988,3.825154336015272,0.9757906910172951,1
989,990,3.860265565091676,0.9925125778610836,-1
990,989,3.860265565091676,0.9925125778610836,1
990,991,3.8496918223687464,0.9784382295020909,-1
991,882,4.951744752073887,0.9579751938678275,109
991,990,3.8496918223687464,0.9784382295020909,1
991,992,3.8356745263728675,0.9776206516141486,-1
992,883,4.778273245905672,0.9625355088742491,109
992,991,3.8356745263728675,0.9776206516141486,1
992,993,3.8148347360185153,0.9768687171638742,-1
993,882,4.842724174825699,0.9591110113079028,111
993,992,3.8148347360185153,0.9768687171638742,1
993,994,3.835260089230206,0.9928796288406495,-1
994,993,3.835260089230206,0.9928796288406495,1
994,995,3.8735372480740184,0.9819777474547668,-1
995,994,3.8735372480740184,0.9819777474547668,1
995,996,3.8701317198001552,0.996325203467281,-1
995,998,4.8141597844887105,0.9707748128452447,-3
996,884,4.4655898055585315,0.9756577466081291,112
996,995,3.8701317198001552,0.996325203467281,1
996,997,3.8773147103226724,0.9779291903680004,-1
997,996,3.8773147103226724,0.9779291903680004,1
997,998,3.841069095960935,0.9887715281552869,-1
998,995,4.8141597844887105,0.9707748128452447,3
998,997,3.841069095960935,0.9887715281552869,1
998,999,3.8639619025847387,0.9831676061371851,-1
999,727,4.057590521190464,0.9815176441409533,272
999,998,3.8639619025847387,0.9831676061371851,1
999,1000,3.8602174461776744,0.9850663113411119,-1
1000,999,3.8602174461776744,0.9850663113411119,1
1000,1001,3.8508523312184004,0.9951898312426872,-1
1001,901,4.769827711124026,0.9757514634320072,100
1001,902,4.743579945848948,0.9947496499789273,99
1001,1000,3.8508523312184004,0.9951898312426872,1
1001,1002,3.8292794221984456,0.9790989407166084,-1
1002,1001,3.8292794221984456,0.9790989407166084,1
1002,1003,3.873431842460512,0.9852957751040013,-1
1003,900,4.592143189586499,0.9753843595543354,103
1003,1002,3.873431842460512,0.9852957751040013,1
1003,1004,3.8555309117137733,0.9855946740563349,-1
1004,855,4.952643659150598,0.9643651604647718,149
1004,1003,3.8555309117137733,0.9855946740563349,1
1004,1005,3.839572373723698,0.9893108867584289,-1
1005,1004,3.839572373723698,0.9893108867584289,1
1005,1006,3.843020467191056,0.9865932538353686,-1
1005,1085,4.507549617106389,0.9787789692282379,-80
1006,856,4.867218017985669,0.9788595387018788,150
1006,1005,3.843020467191056,0.9865932538353686,1
1006,1007,3.832071437980223,0.9880087731952336,-1
1006,1085,4.520348713742784,0.9843952300592668,-79
1006,1086,4.560252029678919,0.990298340904843,-80
1007,857,4.816246385441409,0.9756478816430266,150
1007,1006,3.832071437980223,0.9880087731952336,1
1007,1008,3.82884300944225,0.9738834175652542,-1
1007,1087,4.894079451741959,0.9904193121604818,-80
1008,858,4.351759624551064,0.9933117254460784,150
1008,1007,3.82884300944225,0.9738834175652542,1
1008,1009,3.818274592661945,0.969346643498349,-1
1008,1088,4.706425264986454,0.9982055953384956,-80
1009,1008,3.818274592661945,0.969346643498349,1
1009,1010,3.8127863425909747,0.9676174196754055,-1
1009,1089,4.477915186471183,0.9919856928677379,-80
1010,1009,3.8127863425909747,0.9676174196754055,1
1010,1011,3.7991007698920294,0.966955487651472,-1
1010,1090,4.799269288611346,0.9785392746609963,-80
1011,1010,3.7991007698920294,0.966955487651472,1
1011,1012,3.8270772236714805,0.9765876596141229,-1
1011,1038,4.727769998964505,0.9606392044948667,-27
1012,1011,3.8270772236714805,0.9765876596141229,1
1012,1013,3.8466769367049967,0.9979018717159044,-1
1012,1038,4.542086075870239,0.9616796335248579,-26
1013,1012,3.8466769367049967,0.9979018717159044,1
1013,1014,3.858292503182525,0.9910168833178041,-1
1014,1013,3.858292503182525,0.9910168833178041,1
1014,1015,3.8589576891956745,0.9942650762562467,-1
1014,1094,4.187682551910258,0.9829813313615477,-80
1015,1014,3.8589576891956745,0.9942650762562467,1
1015,1016,3.8410762694829463,0.9906784183195427,-1
1016,1015,3.8410762694829463,0.9906784183195427,1
1016,1017,3.868041669951484,0.9948858090163131,-1
1017,1016,3.868041669951484,0.9948858090163131,1
1017,1018,3.8728622728406243,0.9877317959963844,-1
1018,1017,3.8728622728406243,0.9877317959963844,1
1018,1019,3.8461042633009908,0.9907971815109694,-1
1018,1154,4.665888903239283,0.9964278498604932,-136
1019,1018,3.8461042633009908,0.9907971815109694,1
1019,1020,3.850368987353077,0.9853433555952595,-1
1019,1091,4.672482045432572,0.9919840406226887,-72
1020,1019,3.850368987353077,0.9853433555952595,1
1020,1021,3.813407164489669,0.989231544741721,-1
1020,1090,4.351348289592348,0.9971463363274646,-70
1021,1020,3.813407164489669,0.989231544741721,1
1021,1022,3.8578567701700055,0.987376561308955,-1
1021,1134,4.744171067526143,0.9970839600571573,-113
1022,1021,3.8578567701700055,0.987376561308955,1
1022,1023,3.8220375484327977,0.9883912960757735,-1
1022,1088,4.277719850312855,0.999589956881718,-66
1022,1133,4.9673937805814825,0.9973047028209197,-111
1023,1022,3.8220375484327977,0.9883912960757735,1
1023,1024,3.8530967937957454,0.9988722980179816,-1
1024,1023,3.8530967937957454,0.9988722980179816,1
1024,1025,3.8535266365129566,0.9910127446362863,-1
1025,1024,3.8535266365129566,0.9910127446362863,1
1025,1026,3.830400354431553,0.9940790864755179,-1
1026,1025,3.830400354431553,0.9940790864755179,1
1026,1027,3.852990314019018,0.9898887782193064,-1
1026,1029,4.889112460465377,0.98665923916213,-3
1027,1026,3.852990314019018,0.9898887782193064,1
1027,1028,3.832255518760427,0.9895868336294592,-1
1028,1027,3.832255518760427,0.9895868336294592,1
1028,1029,3.851337329731987,0.9978496942577011,-1
1028,1031,4.905964345604206,0.9864554220239433,-3
1029,1026,4.889112460465377,0.98665923916213,3
1029,1028,3.851337329731987,0.9978496942577011,1
1029,1030,3.855222252465605,0.9857311791295922,-1
1029,1032,4.880139826498158,0.9769720614514973,-3
1030,1029,3.855222252465605,0.9857311791295922,1
1030,1031,3.8454033215930905,0.9882355139096641,-1
1031,1028,4.905964345604206,0.9864554220239433,3
1031,1030,3.8454033215930905,0.9882355139096641,1
1031,1032,3.8702537027714574,0.9890252001313128,-1
1031,1034,4.8507783895966465,0.9875290196176987,-3
1032,1029,4.880139826498158,0.9769720614514973,3
1032,1031,3.8702537027714574,0.9890252001313128,1
1032,1033,3.8456268474494117,0.9947907389257578,-1
1033,1032,3.8456268474494117,0.9947907389257578,1
1033,1034,3.8615206518909195,0.9839920524174744,-1
1033,1056,4.79524087517863,0.9885200093089421,-23
1034,1031,4.8507783895966465,0.9875290196176987,3
1034,1033,3.8615206518909195,0.9839920524174744,1
1034,1035,3.846274121093595,0.9842136038604771,-1
1034,1055,4.440949102020904,0.9902241447020429,-21
1035,1034,3.846274121093595,0.9842136038604771,1
1035,1036,3.8587873582672785,0.9950945079227381,-1
1036,1035,3.8587873582672785,0.9950945079227381,1
1036,1037,3.827598668120159,0.9776092775561347,-1
1036,1055,4.817434361000905,0.9640047909444116,-19
1037,1036,3.827598668120159,0.9776092775561347,1
1037,1038,3.8344834577846965,0.9806345660291552,-1
1037,1053,4.238964798835904,0.973734742754616,-16
1038,1011,4.727769998964505,0.9606392044948667,27
1038,1012,4.542086075870239,0.9616796335248579,26
1038,1037,3.8344834577846965,0.9806345660291552,1
1038,1039,3.814323908883441,0.9761824621145256,-1
1039,1038,3.814323908883441,0.9761824621145256,1
1039,1040,3.8320840934254536,0.9769757718240355,-1
1039,1051,4.303875938147764,0.988714195711529,-12
1040,1039,3.8320840934254536,0.9769757718240355,1
1040,1041,3.8558781977767778,0.9794176478277217,-1
1041,1040,3.8558781977767778,0.9794176478277217,1
1041,1042,3.8473199782485223,0.9602364752447056,-1
1042,1041,3.8473199782485223,0.9602364752447056,1
1042,1043,3.8701773133897555,0.9842112374441898,-1
1043,1042,3.8701773133897555,0.9842112374441898,1
1043,1044,3.866602074920285,0.9720664658226084,-1
1044,663,4.894009963709447,0.9282352901310795,381
1044,1043,3.866602074920285,0.9720664658226084,1
1044,1045,3.8762627283314974,0.9999472839430786,-1
1045,1044,3.8762627283314974,0.9999472839430786,1
1045,1046,3.880583160827627,0.9758815404299108,-1
1046,1045,3.880583160827627,0.9758815404299108,1
1046,1047,3.862002017954631,0.986424238648101,-1
1047,1046,3.862002017954631,0.986424238648101,1
1047,1048,3.831846679057271,0.9848461049387474,-1
1048,1047,3.831846679057271,0.9848461049387474,1
1048,1049,3.8635556217664524,0.9834840832065752,-1
1049,1048,3.8635556217664524,0.9834840832065752,1
1049,1050,3.8421045199796864,0.9842266370132198,-1
1050,1049,3.8421045199796864,0.9842266370132198,1
1050,1051,3.8373327640446915,0.9845863050821786,-1
1051,1039,4.303875938147764,0.988714195711529,12
1051,1050,3.8373327640446915,0.9845863050821786,1
1051,1052,3.831172827132978,0.9846034802322599,-1
1052,1051,3.831172827132978,0.9846034802322599,1
1052,1053,3.801414864478523,0.9797917641379845,-1
1053,1037,4.238964798835904,0.973734742754616,16
1053,1052,3.801414864478523,0.9797917641379845,1
1053,1054,3.8243471802287896,0.9956650972284581,-1
1054,1053,3.8243471802287896,0.9956650972284581,1
1054,1055,3.8514163851203693,0.9726394480910029,-1
1055,1034,4.440949102020904,0.9902241447020429,21
1055,1036,4.817434361000905,0.9640047909444116,19
1055,1054,3.8514163851203693,0.9726394480910029,1
1055,1056,3.8498503936213626,0.9792317622714739,-1
1056,1033,4.79524087517863,0.9885200093089421,23
1056,1055,3.8498503936213626,0.9792317622714739,1
1056,1057,3.863987563833164,0.9791710239567873,-1
1057,861,4.524222519394287,0.915486185826921,196
1057,1056,3.863987563833164,0.9791710239567873,1
1057,1058,3.8663776166536934,0.9455158954189985,-1
1058,1057,3.8663776166536934,0.9455158954189985,1
1058,1059,3.8865240340496703,0.9717140119291261,-1
1058,1061,4.94439448768963,0.9140663874800937,-3
1059,1058,3.8865240340496703,0.9717140119291261,1
1059,1060,3.8811433260204655,0.965074574509027,-1
1060,1059,3.8811433260204655,0.965074574509027,1
1060,1061,3.8241963924574156,0.9531444528498597,-1
1061,1058,4.94439448768963,0.9140663874800937,3
1061,1060,3.8241963924574156,0.9531444528498597,1
1061,1062,3.8363338028958434,0.9889618394051362,-1
1062,1061,3.8363338028958434,0.9889618394051362,1
1062,1063,3.8328262336286034,0.977564144019585,-1
1063,825,3.9184771308886415,0.9876963072205175,238
1063,1062,3.8328262336286034,0.977564144019585,1
1063,1064,3.8332693458210327,0.9946395412158255,-1
1064,678,4.121685263625554,0.9889548169136085,386
1064,1063,3.8332693458210327,0.9946395412158255,1
1064,1065,3.8418373082649055,0.988430531227556,-1
1065,678,4.750747148541967,0.978254472355228,387
1065,679,4.121390992546145,0.9844833280407804,386
1065,1064,3.8418373082649055,0.988430531227556,1
1065,1066,3.853176615877631,0.9868726886636578,-1
1066,1065,3.853176615877631,0.9868726886636578,1
1066,1067,3.859440823710319,0.9967691523793151,-1
1066,1069,4.676374933657882,0.9745092131964835,-3
1067,1066,3.859440823710319,0.9967691523793151,1
1067,1068,3.8459302636141723,0.9873521238968679,-1
1067,1179,4.668053562804144,0.9985877538573305,-112
1068,1067,3.8459302636141723,0.9873521238968679,1
1068,1069,3.836590716243915,0.997720695612944,-1
1068,1071,4.8938086184733764,0.9812358435387833,-3
1069,1066,4.676374933657882,0.9745092131964835,3
1069,1068,3.836590716243915,0.997720695612944,1
1069,1070,3.8431374050255083,0.9864247972788538,-1
1069,1072,4.949463853247821,0.9809550563076254,-3
1070,1069,3.8431374050255083,0.9864247972788538,1
1070,1071,3.836448142761397,0.9950378411632559,-1
1071,1068,4.8938086184733764,0.9812358435387833,3
1071,1070,3.836448142761397,0.9950378411632559,1
1071,1072,3.860088966123136,0.9908408712372933,-1
1072,1069,4.949463853247821,0.9809550563076254,3
1072,1071,3.860088966123136,0.9908408712372933,1
1072,1073,3.846752450830352,0.9878881135589013,-1
1073,1072,3.846752450830352,0.9878881135589013,1
1073,1074,3.8516640191948905,0.9981248040633951,-1
1074,1073,3.8516640191948905,0.9981248040633951,1
1074,1075,3.8534310488217116,0.9905418545975885,-1
1075,1074,3.8534310488217116,0.9905418545975885,1
1075,1076,3.862021700133886,0.9912737958149911,-1
1076,1075,3.862021700133886,0.9912737958149911,1
1076,1077,3.850565502208684,0.9945202448232201,-1
1077,1076,3.850565502208684,0.9945202448232201,1
1077,1078,3.8565207150871443,0.9950635424653314,-1
1078,1077,3.8565207150871443,0.9950635424653314,1
1078,1079,3.841756471945069,0.9925018668401356,-1
1079,1078,3.841756471945069,0.9925018668401356,1
1079,1080,3.866294713852736,0.9961269851102197,-1
1080,1079,3.866294713852736,0.9961269851102197,1
1080,1081,3.8428575454102254,0.9925414259423937,-1
1081,897,4.919062869679419,0.9945065320122384,184
1081,1080,3.8428575454102254,0.9925414259423937,1
1081,1082,3.8715274040477596,0.9985816920249763,-1
1082,897,4.273429843096325,0.9880395460306228,185
1082,1081,3.8715274040477596,0.9985816920249763,1
1082,1083,3.829810647691132,0.9908473382875727,-1
1083,1082,3.829810647691132,0.9908473382875727,1
1083,1084,3.795338667223911,0.9923418706601088,-1
1084,1083,3.795338667223911,0.9923418706601088,1
1084,1085,3.858458078282967,0.9923947123853357,-1
1085,1005,4.507549617106389,0.9787789692282379,80
1085,1006,4.520348713742784,0.9843952300592668,79
1085,1084,3.858458078282967,0.9923947123853357,1
1085,1086,3.808922389944052,0.9861576664392125,-1
1086,1006,4.560252029678919,0.990298340904843,80
1086,1085,3.808922389944052,0.9861576664392125,1
1086,1087,3.8211568551036246,0.9887501728905254,-1
1087,1007,4.894079451741959,0.9904193121604818,80
1087,1086,3.8211568551036246,0.9887501728905254,1
1087,1088,3.8114410002955257,0.9831541144823484,-1
1088,1008,4.706425264986454,0.9982055953384956,80
1088,1022,4.277719850312855,0.999589956881718,66
1088,1087,3.8114410002955257,0.9831541144823484,1
1088,1089,3.786652317833521,0.9829498372137029,-1
1089,1009,4.477915186471183,0.9919856928677379,80
1089,1088,3.786652317833521,0.9829498372137029,1
1089,1090,3.8370197716082517,0.9795054780201025,-1
1090,1010,4.799269288611346,0.9785392746609963,80
1090,1020,4.351348289592348,0.9971463363274646,70
1090,1089,3.8370197716082517,0.9795054780201025,1
1090,1091,3.7937631992553063,0.9791622204631972,-1
1091,1019,4.672482045432572,0.9919840406226887,72
1091,1090,3.7937631992553063,0.9791622204631972,1
1091,1092,3.835115791425003,0.9787728279187572,-1
1092,1091,3.835115791425003,0.9787728279187572,1
1092,1093,3.809958750451486,0.9806457195766332,-1
1093,1092,3.809958750451486,0.9806457195766332,1
1093,1094,3.8383943584008655,0.9980194686780611,-1
1094,1014,4.187682551910258,0.9829813313615477,80
1094,1093,3.8383943584008655,0.9980194686780611,1
1094,1095,3.8295038653379874,0.9926102886803785,-1
1095,1094,3.8295038653379874,0.9926102886803785,1
1095,1096,3.788971908946803,0.9998161932884443,-1
1095,1101,4.411090714993792,0.9853876674298098,-6
1096,1095,3.788971908946803,0.9998161932884443,1
1096,1097,3.8417528129102596,0.9954889178241061,-1
1097,1096,3.8417528129102596,0.9954889178241061,1
1097,1098,3.8640981350397046,0.9924783901075309,-1
1098,1097,3.8640981350397046,0.9924783901075309,1
1098,1099,3.8628065108556133,0.9995553029655626,-1
1099,1098,3.8628065108556133,0.9995553029655626,1
1099,1100,3.8613266321692623,0.9902553421872843,-1
1100,1099,3.8613266321692623,0.9902553421872843,1
1100,1101,3.8166692983305763,0.9937792197042047,-1
1101,1095,4.411090714993792,0.9853876674298098,6
1101,1100,3.8166692983305763,0.9937792197042047,1
1101,1102,3.833424775780609,0.991114352636183,-1
1102,1101,3.833424775780609,0.991114352636183,1
1102,1103,3.8435289248455757,0.992720844167356,-1
1103,1102,3.8435289248455757,0.992720844167356,1
1103,1104,3.8753983208896106,0.9864699984376611,-1
1104,1103,3.8753983208896106,0.9864699984376611,1
1104,1105,3.855164992000676,0.9971895560589625,-1
1105,1104,3.855164992000676,0.9971895560589625,1
1105,1106,3.8427447107130486,0.9827872905273392,-1
1106,1105,3.8427447107130486,0.9827872905273392,1
1106,1107,3.8711822797233912,0.9849613418423573,-1
1107,874,4.56592443662493,0.9766196440984312,233
1107,875,4.963862755108522,0.9944348679989458,232
1107,1106,3.8711822797233912,0.9849613418423573,1
1107,1108,3.855951333842968,0.9885662592423795,-1
1108,1107,3.855951333842968,0.9885662592423795,1
1108,1109,3.8494246658216174,0.9891922001109894,-1
1109,1108,3.8494246658216174,0.9891922001109894,1
1109,1110,3.8725987168193807,0.9835081055888352,-1
1110,1109,3.8725987168193807,0.9835081055888352,1
1110,1111,3.880456664086567,0.9943547474554271,-1
1110,1113,4.868905222005013,0.9718120559796649,-3
1111,1110,3.880456664086567,0.9943547474554271,1
1111,1112,3.8124937519760893,0.988859993071737,-1
1112,1111,3.8124937519760893,0.988859993071737,1
1112,1113,3.8296380192290074,0.9859815856236432,-1
1113,1110,4.868905222005013,0.9718120559796649,3
1113,1112,3.8296380192290074,0.9859815856236432,1
1113,1114,3.8710224462513905,0.998466275497203,-1
1113,1116,4.908372746669039,0.9810552177022641,-3
1114,1113,3.8710224462513905,0.998466275497203,1
1114,1115,3.83386603556369,0.9892904511967099,-1
1115,1114,3.83386603556369,0.9892904511967099,1
1115,1116,3.8626507353157713,0.9922226593577259,-1
1116,1113,4.908372746669039,0.9810552177022641,3
1116,1115,3.8626507353157713,0.9922226593577259,1
1116,1117,3.850365084307122,0.9874479192892257,-1
1116,1119,4.85062003521612,0.9952347926744108,-3
1117,1116,3.850365084307122,0.9874479192892257,1
1117,1118,3.821894299738954,0.9989681510348961,-1
1118,1117,3.821894299738954,0.9989681510348961,1
1118,1119,3.861563465669025,0.9901911172756691,-1
1118,1124,4.837749551154843,0.9921050818806247,-6
1119,1116,4.85062003521612,0.9952347926744108,3
1119,1118,3.861563465669025,0.9901911172756691,1
1119,1120,3.8425330657956733,0.9905075327378696,-1
1119,1122,4.84984886011764,0.9962338732907735,-3
1119,1124,4.799022982313191,0.9940118521727935,-5
1120,1119,3.8425330657956733,0.9905075327378696,1
1120,1121,3.8501090447834287,0.9973615092315207,-1
1121,1120,3.8501090447834287,0.9973615092315207,1
1121,1122,3.8645382919487714,0.9940708490614732,-1
1122,1119,4.84984886011764,0.9962338732907735,3
1122,1121,3.8645382919487714,0.9940708490614732,1
1122,1123,3.8873059494307287,0.9930714966769068,-1
1123,1122,3.8873059494307287,0.9930714966769068,1
1123,1124,3.8495746695518016,0.9937932147796429,-1
1124,1118,4.837749551154843,0.9921050818806247,6
1124,1119,4.799022982313191,0.9940118521727935,5
1124,1123,3.8495746695518016,0.9937932147796429,1
1124,1125,3.8237507918188784,0.9952488077049512,-1
1125,1124,3.8237507918188784,0.9952488077049512,1
1125,1126,3.8354591243470195,0.9935273652101374,-1
1126,1125,3.8354591243470195,0.9935273652101374,1
1126,1127,3.809884815069095,0.9943437956887962,-1
1126,1135,4.705565748737511,0.9919133360018021,-9
1127,1126,3.809884815069095,0.9943437956887962,1
1127,1128,3.817851846709554,0.9934972810748496,-1
1128,1127,3.817851846709554,0.9934972810748496,1
1128,1129,3.8356297316350423,0.9935609899575636,-1
1128,1133,4.634180393888126,0.999269710900527,-5
1129,1128,3.8356297316350423,0.9935609899575636,1
1129,1130,3.8488797908851637,0.9929923870799833,-1
1130,1129,3.8488797908851637,0.9929923870799833,1
1130,1131,3.869600074326837,0.9999848361314649,-1
1130,1194,4.974689213545183,0.9935566905049729,-64
1131,1130,3.869600074326837,0.9999848361314649,1
1131,1132,3.8444184925828173,0.9908647998684812,-1
1132,1131,3.8444184925828173,0.9908647998684812,1
1132,1133,3.810118454783516,0.9914033249122493,-1
1133,1022,4.9673937805814825,0.9973047028209197,111
1133,1128,4.634180393888126,0.999269710900527,5
1133,1132,3.810118454783516,0.9914033249122493,1
1133,1134,3.837412682597691,0.9912175738912897,-1
1134,1021,4.744171067526143,0.9970839600571573,113
1134,1133,3.837412682597691,0.9912175738912897,1
1134,1135,3.8518811148545233,0.9916470223002918,-1
1135,1126,4.705565748737511,0.9919133360018021,9
1135,1134,3.8518811148545233,0.9916470223002918,1
1135,1136,3.8345520413487044,0.9996249205424433,-1
1136,1135,3.8345520413487044,0.9996249205424433,1
1136,1137,3.8680832326400743,0.9937886401419228,-1
1137,1136,3.8680832326400743,0.9937886401419228,1
1137,1138,3.8732471065100174,0.9935844100189746,-1
1138,1137,3.8732471065100174,0.9935844100189746,1
1138,1139,3.8568926756144775,0.9965401721943424,-1
1139,1138,3.8568926756144775,0.9965401721943424,1
1139,1140,3.8521532058177304,0.99578270648958,-1
1140,1139,3.8521532058177304,0.99578270648958,1
1140,1141,3.802200576851298,0.991839228656966,-1
1141,1140,3.802200576851298,0.991839228656966,1
1141,1142,3.859782988928179,0.991757893993804,-1
1142,1141,3.859782988928179,0.991757893993804,1
1142,1143,3.859612732066571,0.9941779510790909,-1
1143,1142,3.859612732066571,0.9941779510790909,1
1143,1144,3.8488425824608195,0.9927923784598578,-1
1144,1143,3.8488425824608195,0.9927923784598578,1
1144,1145,3.8794945507304606,0.9929380888278884,-1
1145,1144,3.8794945507304606,0.9929380888278884,1
1145,1146,3.871686932431592,0.9983920029769469,-1
1146,1145,3.871686932431592,0.9983920029769469,1
1146,1147,3.8661703082886216,0.9934022933287271,-1
1147,1146,3.8661703082886216,0.9934022933287271,1
1147,1148,3.8711990915718246,0.9960907538062748,-1
1148,1147,3.8711990915718246,0.9960907538062748,1
1148,1149,3.822841802570483,0.9934927169221394,-1
1149,1148,3.822841802570483,0.9934927169221394,1
1149,1150,3.846299687481382,0.9927194808798719,-1
1150,1149,3.846299687481382,0.9927194808798719,1
1150,1151,3.8337526293210296,0.9952393057491932,-1
1150,1153,4.932971045438707,0.9920810090591715,-3
1151,1150,3.8337526293210296,0.9952393057491932,1
1151,1152,3.8377715475984995,0.9948548480465614,-1
1152,1151,3.8377715475984995,0.9948548480465614,1
1152,1153,3.854187731128331,0.9983579934216894,-1
1152,1155,4.975399145416226,0.9872753470614741,-3
1153,1150,4.932971045438707,0.9920810090591715,3
1153,1152,3.854187731128331,0.9983579934216894,1
1153,1154,3.867556521102751,0.9912765149683085,-1
1154,1018,4.665888903239283,0.9964278498604932,136
1154,1153,3.867556521102751,0.9912765149683085,1
1154,1155,3.851360996472675,0.9947837944700143,-1
1155,1152,4.975399145416226,0.9872753470614741,3
1155,1154,3.851360996472675,0.9947837944700143,1
1155,1156,3.8381188806353164,0.9923927632912297,-1
1156,1155,3.8381188806353164,0.9923927632912297,1
1156,1157,3.8442490207800257,0.9947888510094652,-1
1157,1156,3.8442490207800257,0.9947888510094652,1
1157,1158,3.8414960403255476,0.9950934323819541,-1
1158,1157,3.8414960403255476,0.9950934323819541,1
1158,1159,3.8536274416530025,0.9939166050164121,-1
1159,1158,3.8536274416530025,0.9939166050164121,1
1159,1160,3.8394910063163574,0.9998190113687841,-1
1160,1159,3.8394910063163574,0.9998190113687841,1
1160,1161,3.8224664911307307,0.9925220180779952,-1
1161,1160,3.8224664911307307,0.9925220180779952,1
1161,1162,3.8618493580827047,0.9963196700822141,-1
1161,1164,4.657227468188862,0.9910364003828591,-3
1162,1161,3.8618493580827047,0.9963196700822141,1
1162,1163,3.8370457124751502,0.9944703588344677,-1
1163,1162,3.8370457124751502,0.9944703588344677,1
1163,1164,3.838400200136233,0.9985258741168418,-1
1164,1161,4.657227468188862,0.9910364003828591,3
1164,1163,3.838400200136233,0.9985258741168418,1
1164,1165,3.8514273750278143,0.9920056812960071,-1
1165,1164,3.8514273750278143,0.9920056812960071,1
1165,1166,3.8503021717048407,0.9939170604919304,-1
1165,1168,4.967481869897682,0.9901967680180511,-3
1166,1165,3.8503021717048407,0.9939170604919304,1
1166,1167,3.858306048699362,0.9969321891643601,-1
1167,1166,3.858306048699362,0.9969321891643601,1
1167,1168,3.8696402843248023,0.9924201262852477,-1
1168,1165,4.967481869897682,0.9901967680180511,3
1168,1167,3.8696402843248023,0.9924201262852477,1
1168,1169,3.8366798458182685,0.9966038257509399,-1
1169,1168,3.8366798458182685,0.9966038257509399,1
1169,1170,3.8494956608433726,0.9916374525865723,-1
1170,1169,3.8494956608433726,0.9916374525865723,1
1170,1171,3.825843549497907,0.9990650610818387,-1
1171,1170,3.825843549497907,0.9990650610818387,1
1171,1172,3.847329403912092,0.9891959198958187,-1
1172,1171,3.847329403912092,0.9891959198958187,1
1172,1173,3.8421959746850853,0.9988058527991924,-1
1173,1172,3.8421959746850853,0.9988058527991924,1
1173,1174,3.841556927576073,0.9918425332099816,-1
1173,1177,4.726960467229671,0.9874340079752413,-4
1174,683,4.843650553553323,0.9918131412189135,491
1174,1173,3.841556927576073,0.9918425332099816,1
1174,1175,3.843716117225814,0.9979704491466757,-1
1175,682,4.61279599177558,0.991407291276707,493
1175,1174,3.843716117225814,0.9979704491466757,1
1175,1176,3.875844037223117,0.9888511212148539,-1
1176,1175,3.875844037223117,0.9888511212148539,1
1176,1177,3.828232046233572,0.9999753843734162,-1
1177,1173,4.726960467229671,0.9874340079752413,4
1177,1176,3.828232046233572,0.9999753843734162,1
1177,1178,3.8671385120439803,0.9939707787345323,-1
1178,1177,3.8671385120439803,0.9939707787345323,1
1178,1179,3.8642385348920345,0.9970765847578742,-1
1179,1067,4.668053562804144,0.9985877538573305,112
1179,1178,3.8642385348920345,0.9970765847578742,1
1179,1180,3.8733199814176773,0.990847774653633,-1
1180,1179,3.8733199814176773,0.990847774653633,1
1180,1181,3.8646746394349525,0.9911345453070813,-1
1181,1180,3.8646746394349525,0.9911345453070813,1
1181,1182,3.8321858772622286,0.9971388094492453,-1
1182,1181,3.8321858772622286,0.9971388094492453,1
1182,1183,3.851570006184972,0.9937298320294916,-1
1183,1182,3.851570006184972,0.9937298320294916,1
1183,1184,3.855656029428677,0.9949676593725656,-1
1183,1186,4.976727041297467,0.9901687320486006,-3
1184,1183,3.855656029428677,0.9949676593725656,1
1184,1185,3.838367568246625,0.9966893199085156,-1
1185,1184,3.838367568246625,0.9966893199085156,1
1185,1186,3.851223406120035,0.9942882800420064,-1
1186,1183,4.976727041297467,0.9901687320486006,3
1186,1185,3.851223406120035,0.9942882800420064,1
1186,1187,3.8425638145374887,0.9961592536499163,-1
1187,1186,3.8425638145374887,0.9961592536499163,1
1187,1188,3.8735014702009862,0.991691566328253,-1
1187,1190,4.8759150250739385,0.9956107251505886,-3
1188,1187,3.8735014702009862,0.991691566328253,1
1188,1189,3.8514946708410345,0.9998486571664199,-1
1189,1188,3.8514946708410345,0.9998486571664199,1
1189,1190,3.8316354229300775,0.9936006858942755,-1
1190,1187,4.8759150250739385,0.9956107251505886,3
1190,1189,3.8316354229300775,0.9936006858942755,1
1190,1191,3.858321321292002,0.9953009878627964,-1
1191,1190,3.858321321292002,0.9953009878627964,1
1191,1192,3.8619280570286714,0.9959646914763072,-1
1192,1191,3.8619280570286714,0.9959646914763072,1
1192,1193,3.8085224178769703,0.9975078807206392,-1
1193,1192,3.8085224178769703,0.9975078807206392,1
1193,1194,3.866445937057808,0.9950095117203451,-1
1194,1130,4.974689213545183,0.9935566905049729,64
1194,1193,3.866445937057808,0.9950095117203451,1
1194,1195,3.8638554960742217,0.9941325174038388,-1
1195,1194,3.8638554960742217,0.9941325174038388,1
